Time	Ek	Ep	E_total
0.0000e+00	1.0350e-19	-9.8999e-22	1.0251e-19
2.0000e-14	1.0350e-19	-1.0222e-21	1.0248e-19
4.0000e-14	1.0350e-19	-1.0571e-21	1.0244e-19
6.0000e-14	1.0350e-19	-1.0946e-21	1.0241e-19
8.0000e-14	1.0350e-19	-1.1347e-21	1.0237e-19
1.0000e-13	1.0350e-19	-1.1778e-21	1.0232e-19
1.2000e-13	1.0350e-19	-1.2239e-21	1.0228e-19
1.4000e-13	1.0350e-19	-1.2734e-21	1.0223e-19
1.6000e-13	1.0350e-19	-1.3263e-21	1.0217e-19
1.8000e-13	1.0350e-19	-1.3828e-21	1.0212e-19
2.0000e-13	1.0350e-19	-1.4430e-21	1.0206e-19
2.2000e-13	1.0350e-19	-1.5069e-21	1.0199e-19
2.4000e-13	1.0350e-19	-1.5742e-21	1.0193e-19
2.6000e-13	1.0350e-19	-1.6444e-21	1.0186e-19
2.8000e-13	1.0350e-19	-1.7169e-21	1.0178e-19
3.0000e-13	1.0350e-19	-1.7902e-21	1.0171e-19
3.2000e-13	1.0350e-19	-1.8622e-21	1.0164e-19
3.4000e-13	1.0350e-19	-1.9296e-21	1.0157e-19
3.6000e-13	1.0350e-19	-1.9879e-21	1.0151e-19
3.8000e-13	1.0350e-19	-2.0305e-21	1.0147e-19
4.0000e-13	1.0350e-19	-2.0489e-21	1.0145e-19
4.2000e-13	1.0350e-19	-2.0325e-21	1.0147e-19
4.4000e-13	1.0350e-19	-1.9697e-21	1.0153e-19
4.6000e-13	1.0350e-19	-1.8504e-21	1.0165e-19
4.8000e-13	1.0350e-19	-1.6715e-21	1.0183e-19
5.0000e-13	1.0350e-19	-1.4437e-21	1.0206e-19
5.2000e-13	1.0350e-19	-1.1984e-21	1.0230e-19
5.4000e-13	1.0350e-19	-9.8753e-22	1.0251e-19
5.6000e-13	1.0350e-19	-8.6904e-22	1.0263e-19
5.8000e-13	1.0350e-19	-8.8175e-22	1.0262e-19
6.0000e-13	1.0350e-19	-1.0239e-21	1.0248e-19
6.2000e-13	1.0350e-19	-1.2543e-21	1.0225e-19
6.4000e-13	1.0350e-19	-1.5141e-21	1.0199e-19
6.6000e-13	1.0350e-19	-1.7529e-21	1.0175e-19
6.8000e-13	1.0350e-19	-1.9412e-21	1.0156e-19
7.0000e-13	1.0350e-19	-2.0699e-21	1.0143e-19
7.2000e-13	1.0350e-19	-2.1431e-21	1.0136e-19
7.4000e-13	1.0350e-19	-2.1713e-21	1.0133e-19
7.6000e-13	1.0350e-19	-2.1661e-21	1.0133e-19
7.8000e-13	1.0350e-19	-2.1380e-21	1.0136e-19
8.0000e-13	1.0350e-19	-2.0954e-21	1.0140e-19
8.2000e-13	1.0350e-19	-2.0447e-21	1.0146e-19
8.4000e-13	1.0350e-19	-1.9904e-21	1.0151e-19
8.6000e-13	1.0350e-19	-1.9356e-21	1.0156e-19
8.8000e-13	1.0350e-19	-1.8825e-21	1.0162e-19
9.0000e-13	1.0350e-19	-1.8324e-21	1.0167e-19
9.2000e-13	1.0350e-19	-1.7863e-21	1.0171e-19
9.4000e-13	1.0350e-19	-1.7444e-21	1.0176e-19
9.6000e-13	1.0350e-19	-1.7072e-21	1.0179e-19
9.8000e-13	1.0350e-19	-1.6748e-21	1.0183e-19
1.0000e-12	1.0350e-19	-1.6471e-21	1.0185e-19
1.0200e-12	1.0350e-19	-1.6240e-21	1.0188e-19
1.0400e-12	1.0350e-19	-1.6056e-21	1.0189e-19
1.0600e-12	1.0350e-19	-1.5917e-21	1.0191e-19
1.0800e-12	1.0350e-19	-1.5822e-21	1.0192e-19
1.1000e-12	1.0350e-19	-1.5771e-21	1.0192e-19
1.1200e-12	1.0350e-19	-1.5762e-21	1.0192e-19
1.1400e-12	1.0350e-19	-1.5795e-21	1.0192e-19
1.1600e-12	1.0350e-19	-1.5870e-21	1.0191e-19
1.1800e-12	1.0350e-19	-1.5986e-21	1.0190e-19
1.2000e-12	1.0350e-19	-1.6144e-21	1.0189e-19
1.2200e-12	1.0350e-19	-1.6344e-21	1.0187e-19
1.2400e-12	1.0350e-19	-1.6586e-21	1.0184e-19
1.2600e-12	1.0350e-19	-1.6870e-21	1.0181e-19
1.2800e-12	1.0350e-19	-1.7197e-21	1.0178e-19
1.3000e-12	1.0350e-19	-1.7568e-21	1.0174e-19
1.3200e-12	1.0350e-19	-1.7984e-21	1.0170e-19
1.3400e-12	1.0350e-19	-1.8444e-21	1.0166e-19
1.3600e-12	1.0350e-19	-1.8949e-21	1.0161e-19
1.3800e-12	1.0350e-19	-1.9500e-21	1.0155e-19
1.4000e-12	1.0350e-19	-2.0094e-21	1.0149e-19
1.4200e-12	1.0350e-19	-2.0732e-21	1.0143e-19
1.4400e-12	1.0350e-19	-2.1408e-21	1.0136e-19
1.4600e-12	1.0350e-19	-2.2119e-21	1.0129e-19
1.4800e-12	1.0350e-19	-2.2856e-21	1.0121e-19
1.5000e-12	1.0350e-19	-2.3609e-21	1.0114e-19
1.5200e-12	1.0350e-19	-2.4360e-21	1.0106e-19
1.5400e-12	1.0350e-19	-2.5087e-21	1.0099e-19
1.5600e-12	1.0350e-19	-2.5761e-21	1.0092e-19
1.5800e-12	1.0350e-19	-2.6344e-21	1.0087e-19
1.6000e-12	1.0350e-19	-2.6789e-21	1.0082e-19
1.6200e-12	1.0350e-19	-2.7046e-21	1.0080e-19
1.6400e-12	1.0350e-19	-2.7065e-21	1.0079e-19
1.6600e-12	1.0350e-19	-2.6814e-21	1.0082e-19
1.6800e-12	1.0350e-19	-2.6277e-21	1.0087e-19
1.7000e-12	1.0350e-19	-2.5502e-21	1.0095e-19
1.7200e-12	1.0350e-19	-2.4606e-21	1.0104e-19
1.7400e-12	1.0350e-19	-2.3780e-21	1.0112e-19
1.7600e-12	1.0350e-19	-2.3253e-21	1.0117e-19
1.7800e-12	1.0350e-19	-2.3225e-21	1.0118e-19
1.8000e-12	1.0350e-19	-2.3794e-21	1.0112e-19
1.8200e-12	1.0350e-19	-2.4913e-21	1.0101e-19
1.8400e-12	1.0350e-19	-2.6410e-21	1.0086e-19
1.8600e-12	1.0350e-19	-2.8059e-21	1.0069e-19
1.8800e-12	1.0350e-19	-2.9648e-21	1.0054e-19
1.9000e-12	1.0350e-19	-3.1031e-21	1.0040e-19
1.9200e-12	1.0350e-19	-3.2137e-21	1.0029e-19
1.9400e-12	1.0350e-19	-3.2953e-21	1.0020e-19
1.9600e-12	1.0350e-19	-3.3504e-21	1.0015e-19
1.9800e-12	1.0350e-19	-3.3834e-21	1.0012e-19
2.0000e-12	1.0350e-19	-3.3984e-21	1.0010e-19
2.0200e-12	1.0350e-19	-3.3993e-21	1.0010e-19
2.0400e-12	1.0350e-19	-3.3885e-21	1.0011e-19
2.0600e-12	1.0350e-19	-3.3675e-21	1.0013e-19
2.0800e-12	1.0350e-19	-3.3366e-21	1.0016e-19
2.1000e-12	1.0350e-19	-3.2951e-21	1.0020e-19
2.1200e-12	1.0350e-19	-3.2417e-21	1.0026e-19
2.1400e-12	1.0350e-19	-3.1752e-21	1.0032e-19
2.1600e-12	1.0350e-19	-3.0946e-21	1.0041e-19
2.1800e-12	1.0350e-19	-3.0004e-21	1.0050e-19
2.2000e-12	1.0350e-19	-2.8949e-21	1.0061e-19
2.2200e-12	1.0350e-19	-2.7834e-21	1.0072e-19
2.2400e-12	1.0350e-19	-2.6736e-21	1.0083e-19
2.2600e-12	1.0350e-19	-2.5747e-21	1.0093e-19
2.2800e-12	1.0350e-19	-2.4958e-21	1.0100e-19
2.3000e-12	1.0350e-19	-2.4434e-21	1.0106e-19
2.3200e-12	1.0350e-19	-2.4191e-21	1.0108e-19
2.3400e-12	1.0350e-19	-2.4193e-21	1.0108e-19
2.3600e-12	1.0350e-19	-2.4363e-21	1.0106e-19
2.3800e-12	1.0350e-19	-2.4605e-21	1.0104e-19
2.4000e-12	1.0350e-19	-2.4827e-21	1.0102e-19
2.4200e-12	1.0350e-19	-2.4959e-21	1.0100e-19
2.4400e-12	1.0350e-19	-2.4959e-21	1.0100e-19
2.4600e-12	1.0350e-19	-2.4812e-21	1.0102e-19
2.4800e-12	1.0350e-19	-2.4520e-21	1.0105e-19
2.5000e-12	1.0350e-19	-2.4103e-21	1.0109e-19
2.5200e-12	1.0350e-19	-2.3582e-21	1.0114e-19
2.5400e-12	1.0350e-19	-2.2983e-21	1.0120e-19
2.5600e-12	1.0350e-19	-2.2329e-21	1.0127e-19
2.5800e-12	1.0350e-19	-2.1640e-21	1.0134e-19
2.6000e-12	1.0350e-19	-2.0934e-21	1.0141e-19
2.6200e-12	1.0350e-19	-2.0225e-21	1.0148e-19
2.6400e-12	1.0350e-19	-1.9522e-21	1.0155e-19
2.6600e-12	1.0350e-19	-1.8835e-21	1.0162e-19
2.6800e-12	1.0350e-19	-1.8167e-21	1.0168e-19
2.7000e-12	1.0350e-19	-1.7525e-21	1.0175e-19
2.7200e-12	1.0350e-19	-1.6910e-21	1.0181e-19
2.7400e-12	1.0350e-19	-1.6323e-21	1.0187e-19
2.7600e-12	1.0350e-19	-1.5766e-21	1.0192e-19
2.7800e-12	1.0350e-19	-1.5240e-21	1.0198e-19
2.8000e-12	1.0350e-19	-1.4743e-21	1.0203e-19
2.8200e-12	1.0350e-19	-1.4276e-21	1.0207e-19
2.8400e-12	1.0350e-19	-1.3838e-21	1.0212e-19
2.8600e-12	1.0350e-19	-1.3428e-21	1.0216e-19
2.8800e-12	1.0350e-19	-1.3045e-21	1.0220e-19
2.9000e-12	1.0350e-19	-1.2689e-21	1.0223e-19
2.9200e-12	1.0350e-19	-1.2358e-21	1.0226e-19
2.9400e-12	1.0350e-19	-1.2053e-21	1.0229e-19
2.9600e-12	1.0350e-19	-1.1771e-21	1.0232e-19
2.9800e-12	1.0350e-19	-1.1513e-21	1.0235e-19
3.0000e-12	1.0350e-19	-1.1277e-21	1.0237e-19
3.0200e-12	1.0350e-19	-1.1063e-21	1.0239e-19
3.0400e-12	1.0350e-19	-1.0871e-21	1.0241e-19
3.0600e-12	1.0350e-19	-1.0699e-21	1.0243e-19
3.0800e-12	1.0350e-19	-1.0547e-21	1.0245e-19
3.1000e-12	1.0350e-19	-1.0415e-21	1.0246e-19
3.1200e-12	1.0350e-19	-1.0303e-21	1.0247e-19
3.1400e-12	1.0350e-19	-1.0210e-21	1.0248e-19
3.1600e-12	1.0350e-19	-1.0135e-21	1.0249e-19
3.1800e-12	1.0350e-19	-1.0079e-21	1.0249e-19
3.2000e-12	1.0350e-19	-1.0042e-21	1.0250e-19
3.2200e-12	1.0350e-19	-1.0023e-21	1.0250e-19
3.2400e-12	1.0350e-19	-1.0022e-21	1.0250e-19
3.2600e-12	1.0350e-19	-1.0040e-21	1.0250e-19
3.2800e-12	1.0350e-19	-1.0076e-21	1.0249e-19
3.3000e-12	1.0350e-19	-1.0131e-21	1.0249e-19
3.3200e-12	1.0350e-19	-1.0205e-21	1.0248e-19
3.3400e-12	1.0350e-19	-1.0298e-21	1.0247e-19
3.3600e-12	1.0350e-19	-1.0411e-21	1.0246e-19
3.3800e-12	1.0350e-19	-1.0544e-21	1.0245e-19
3.4000e-12	1.0350e-19	-1.0697e-21	1.0243e-19
3.4200e-12	1.0350e-19	-1.0871e-21	1.0241e-19
3.4400e-12	1.0350e-19	-1.1067e-21	1.0239e-19
3.4600e-12	1.0350e-19	-1.1285e-21	1.0237e-19
3.4800e-12	1.0350e-19	-1.1527e-21	1.0235e-19
3.5000e-12	1.0350e-19	-1.1792e-21	1.0232e-19
3.5200e-12	1.0350e-19	-1.2083e-21	1.0229e-19
3.5400e-12	1.0350e-19	-1.2400e-21	1.0226e-19
3.5600e-12	1.0350e-19	-1.2743e-21	1.0223e-19
3.5800e-12	1.0350e-19	-1.3187e-21	1.0218e-19
3.6000e-12	1.0350e-19	-1.3842e-21	1.0212e-19
3.6200e-12	1.0350e-19	-1.4571e-21	1.0204e-19
3.6400e-12	1.0350e-19	-1.5379e-21	1.0196e-19
3.6600e-12	1.0350e-19	-1.6270e-21	1.0187e-19
3.6800e-12	1.0350e-19	-1.7244e-21	1.0178e-19
3.7000e-12	1.0350e-19	-1.8299e-21	1.0167e-19
3.7200e-12	1.0350e-19	-1.9426e-21	1.0156e-19
3.7400e-12	1.0350e-19	-2.0604e-21	1.0144e-19
3.7600e-12	1.0350e-19	-2.1798e-21	1.0132e-19
3.7800e-12	1.0350e-19	-2.2943e-21	1.0121e-19
3.8000e-12	1.0350e-19	-2.3939e-21	1.0111e-19
3.8200e-12	1.0350e-19	-2.4634e-21	1.0104e-19
3.8400e-12	1.0350e-19	-2.4811e-21	1.0102e-19
3.8600e-12	1.0350e-19	-2.4192e-21	1.0108e-19
3.8800e-12	1.0350e-19	-2.2482e-21	1.0125e-19
3.9000e-12	1.0350e-19	-1.9500e-21	1.0155e-19
3.9200e-12	1.0350e-19	-1.5415e-21	1.0196e-19
3.9400e-12	1.0350e-19	-1.1023e-21	1.0240e-19
3.9600e-12	1.0350e-19	-7.7404e-22	1.0273e-19
3.9800e-12	1.0350e-19	-6.9918e-22	1.0280e-19
4.0000e-12	1.0350e-19	-9.2294e-22	1.0258e-19
4.0200e-12	1.0350e-19	-1.3566e-21	1.0214e-19
4.0400e-12	1.0350e-19	-1.8462e-21	1.0165e-19
4.0600e-12	1.0350e-19	-2.2684e-21	1.0123e-19
4.0800e-12	1.0350e-19	-2.5686e-21	1.0093e-19
4.1000e-12	1.0350e-19	-2.7467e-21	1.0075e-19
4.1200e-12	1.0350e-19	-2.8277e-21	1.0067e-19
4.1400e-12	1.0350e-19	-2.8418e-21	1.0066e-19
4.1600e-12	1.0350e-19	-2.8149e-21	1.0069e-19
4.1800e-12	1.0350e-19	-2.7665e-21	1.0073e-19
4.2000e-12	1.0350e-19	-2.7099e-21	1.0079e-19
4.2200e-12	1.0350e-19	-2.6539e-21	1.0085e-19
4.2400e-12	1.0350e-19	-2.6040e-21	1.0090e-19
4.2600e-12	1.0350e-19	-2.5632e-21	1.0094e-19
4.2800e-12	1.0350e-19	-2.5334e-21	1.0097e-19
4.3000e-12	1.0350e-19	-2.5152e-21	1.0098e-19
4.3200e-12	1.0350e-19	-2.5085e-21	1.0099e-19
4.3400e-12	1.0350e-19	-2.5128e-21	1.0099e-19
4.3600e-12	1.0350e-19	-2.5269e-21	1.0097e-19
4.3800e-12	1.0350e-19	-2.5492e-21	1.0095e-19
4.4000e-12	1.0350e-19	-2.5771e-21	1.0092e-19
4.4200e-12	1.0350e-19	-2.6072e-21	1.0089e-19
4.4400e-12	1.0350e-19	-2.6347e-21	1.0087e-19
4.4600e-12	1.0350e-19	-2.6533e-21	1.0085e-19
4.4800e-12	1.0350e-19	-2.6547e-21	1.0085e-19
4.5000e-12	1.0350e-19	-2.6291e-21	1.0087e-19
4.5200e-12	1.0350e-19	-2.5652e-21	1.0093e-19
4.5400e-12	1.0350e-19	-2.4534e-21	1.0105e-19
4.5600e-12	1.0350e-19	-2.2894e-21	1.0121e-19
4.5800e-12	1.0350e-19	-2.0823e-21	1.0142e-19
4.6000e-12	1.0350e-19	-1.8602e-21	1.0164e-19
4.6200e-12	1.0350e-19	-1.6615e-21	1.0184e-19
4.6400e-12	1.0350e-19	-1.5389e-21	1.0196e-19
4.6600e-12	1.0350e-19	-1.5320e-21	1.0197e-19
4.6800e-12	1.0350e-19	-1.6472e-21	1.0185e-19
4.7000e-12	1.0350e-19	-1.8538e-21	1.0165e-19
4.7200e-12	1.0350e-19	-2.1007e-21	1.0140e-19
4.7400e-12	1.0350e-19	-2.3388e-21	1.0116e-19
4.7600e-12	1.0350e-19	-2.5360e-21	1.0096e-19
4.7800e-12	1.0350e-19	-2.6795e-21	1.0082e-19
4.8000e-12	1.0350e-19	-2.7701e-21	1.0073e-19
4.8200e-12	1.0350e-19	-2.8160e-21	1.0068e-19
4.8400e-12	1.0350e-19	-2.8279e-21	1.0067e-19
4.8600e-12	1.0350e-19	-2.8156e-21	1.0068e-19
4.8800e-12	1.0350e-19	-2.7875e-21	1.0071e-19
4.9000e-12	1.0350e-19	-2.7499e-21	1.0075e-19
4.9200e-12	1.0350e-19	-2.7074e-21	1.0079e-19
4.9400e-12	1.0350e-19	-2.6632e-21	1.0084e-19
4.9600e-12	1.0350e-19	-2.6195e-21	1.0088e-19
4.9800e-12	1.0350e-19	-2.5775e-21	1.0092e-19
5.0000e-12	1.0350e-19	-2.5380e-21	1.0096e-19
5.0200e-12	1.0350e-19	-2.5014e-21	1.0100e-19
5.0400e-12	1.0350e-19	-2.4677e-21	1.0103e-19
5.0600e-12	1.0350e-19	-2.4370e-21	1.0106e-19
5.0800e-12	1.0350e-19	-2.4090e-21	1.0109e-19
5.1000e-12	1.0350e-19	-2.3834e-21	1.0112e-19
5.1200e-12	1.0350e-19	-2.3599e-21	1.0114e-19
5.1400e-12	1.0350e-19	-2.3383e-21	1.0116e-19
5.1600e-12	1.0350e-19	-2.3182e-21	1.0118e-19
5.1800e-12	1.0350e-19	-2.2993e-21	1.0120e-19
5.2000e-12	1.0350e-19	-2.2813e-21	1.0122e-19
5.2200e-12	1.0350e-19	-2.2640e-21	1.0124e-19
5.2400e-12	1.0350e-19	-2.2471e-21	1.0125e-19
5.2600e-12	1.0350e-19	-2.2304e-21	1.0127e-19
5.2800e-12	1.0350e-19	-2.2138e-21	1.0129e-19
5.3000e-12	1.0350e-19	-2.1971e-21	1.0130e-19
5.3200e-12	1.0350e-19	-2.1802e-21	1.0132e-19
5.3400e-12	1.0350e-19	-2.1629e-21	1.0134e-19
5.3600e-12	1.0350e-19	-2.1452e-21	1.0135e-19
5.3800e-12	1.0350e-19	-2.1269e-21	1.0137e-19
5.4000e-12	1.0350e-19	-2.1080e-21	1.0139e-19
5.4200e-12	1.0350e-19	-2.0884e-21	1.0141e-19
5.4400e-12	1.0350e-19	-2.0681e-21	1.0143e-19
5.4600e-12	1.0350e-19	-2.0468e-21	1.0145e-19
5.4800e-12	1.0350e-19	-2.0247e-21	1.0148e-19
5.5000e-12	1.0350e-19	-2.0015e-21	1.0150e-19
5.5200e-12	1.0350e-19	-1.9772e-21	1.0152e-19
5.5400e-12	1.0350e-19	-1.9518e-21	1.0155e-19
5.5600e-12	1.0350e-19	-1.9251e-21	1.0157e-19
5.5800e-12	1.0350e-19	-1.8973e-21	1.0160e-19
5.6000e-12	1.0350e-19	-1.8682e-21	1.0163e-19
5.6200e-12	1.0350e-19	-1.8379e-21	1.0166e-19
5.6400e-12	1.0350e-19	-1.8064e-21	1.0169e-19
5.6600e-12	1.0350e-19	-1.7738e-21	1.0173e-19
5.6800e-12	1.0350e-19	-1.7400e-21	1.0176e-19
5.7000e-12	1.0350e-19	-1.7053e-21	1.0179e-19
5.7200e-12	1.0350e-19	-1.6697e-21	1.0183e-19
5.7400e-12	1.0350e-19	-1.6332e-21	1.0187e-19
5.7600e-12	1.0350e-19	-1.5961e-21	1.0190e-19
5.7800e-12	1.0350e-19	-1.5584e-21	1.0194e-19
5.8000e-12	1.0350e-19	-1.5203e-21	1.0198e-19
5.8200e-12	1.0350e-19	-1.4819e-21	1.0202e-19
5.8400e-12	1.0350e-19	-1.4433e-21	1.0206e-19
5.8600e-12	1.0350e-19	-1.4047e-21	1.0210e-19
5.8800e-12	1.0350e-19	-1.3660e-21	1.0213e-19
5.9000e-12	1.0350e-19	-1.3276e-21	1.0217e-19
5.9200e-12	1.0350e-19	-1.2894e-21	1.0221e-19
5.9400e-12	1.0350e-19	-1.2516e-21	1.0225e-19
5.9600e-12	1.0350e-19	-1.2143e-21	1.0229e-19
5.9800e-12	1.0350e-19	-1.1775e-21	1.0232e-19
6.0000e-12	1.0350e-19	-1.1414e-21	1.0236e-19
6.0200e-12	1.0350e-19	-1.1059e-21	1.0239e-19
6.0400e-12	1.0350e-19	-1.0712e-21	1.0243e-19
6.0600e-12	1.0350e-19	-1.0373e-21	1.0246e-19
6.0800e-12	1.0350e-19	-1.0043e-21	1.0250e-19
6.1000e-12	1.0350e-19	-9.7224e-22	1.0253e-19
6.1200e-12	1.0350e-19	-9.4109e-22	1.0256e-19
6.1400e-12	1.0350e-19	-9.1090e-22	1.0259e-19
6.1600e-12	1.0350e-19	-8.8171e-22	1.0262e-19
6.1800e-12	1.0350e-19	-8.5354e-22	1.0265e-19
6.2000e-12	1.0350e-19	-8.2638e-22	1.0267e-19
6.2200e-12	1.0350e-19	-8.0026e-22	1.0270e-19
6.2400e-12	1.0350e-19	-7.7517e-22	1.0272e-19
6.2600e-12	1.0350e-19	-7.5110e-22	1.0275e-19
6.2800e-12	1.0350e-19	-7.2806e-22	1.0277e-19
6.3000e-12	1.0350e-19	-7.0603e-22	1.0279e-19
6.3200e-12	1.0350e-19	-6.8500e-22	1.0281e-19
6.3400e-12	1.0350e-19	-6.6496e-22	1.0284e-19
6.3600e-12	1.0350e-19	-6.4587e-22	1.0285e-19
6.3800e-12	1.0350e-19	-6.2773e-22	1.0287e-19
6.4000e-12	1.0350e-19	-6.1051e-22	1.0289e-19
6.4200e-12	1.0350e-19	-5.9417e-22	1.0291e-19
6.4400e-12	1.0350e-19	-5.7873e-22	1.0292e-19
6.4600e-12	1.0350e-19	-5.6416e-22	1.0294e-19
6.4800e-12	1.0350e-19	-5.5040e-22	1.0295e-19
6.5000e-12	1.0350e-19	-5.3742e-22	1.0296e-19
6.5200e-12	1.0350e-19	-5.2520e-22	1.0297e-19
6.5400e-12	1.0350e-19	-5.1370e-22	1.0299e-19
6.5600e-12	1.0350e-19	-5.0289e-22	1.0300e-19
6.5800e-12	1.0350e-19	-4.9275e-22	1.0301e-19
6.6000e-12	1.0350e-19	-4.8325e-22	1.0302e-19
6.6200e-12	1.0350e-19	-4.7435e-22	1.0303e-19
6.6400e-12	1.0350e-19	-4.6604e-22	1.0303e-19
6.6600e-12	1.0350e-19	-4.5827e-22	1.0304e-19
6.6800e-12	1.0350e-19	-4.5103e-22	1.0305e-19
6.7000e-12	1.0350e-19	-4.4429e-22	1.0306e-19
6.7200e-12	1.0350e-19	-4.3802e-22	1.0306e-19
6.7400e-12	1.0350e-19	-4.3220e-22	1.0307e-19
6.7600e-12	1.0350e-19	-4.2680e-22	1.0307e-19
6.7800e-12	1.0350e-19	-4.2181e-22	1.0308e-19
6.8000e-12	1.0350e-19	-4.1719e-22	1.0308e-19
6.8200e-12	1.0350e-19	-4.1294e-22	1.0309e-19
6.8400e-12	1.0350e-19	-4.0903e-22	1.0309e-19
6.8600e-12	1.0350e-19	-4.0544e-22	1.0309e-19
6.8800e-12	1.0350e-19	-4.0215e-22	1.0310e-19
6.9000e-12	1.0350e-19	-3.9914e-22	1.0310e-19
6.9200e-12	1.0350e-19	-3.9641e-22	1.0310e-19
6.9400e-12	1.0350e-19	-3.9393e-22	1.0311e-19
6.9600e-12	1.0350e-19	-3.9168e-22	1.0311e-19
6.9800e-12	1.0350e-19	-3.8966e-22	1.0311e-19
7.0000e-12	1.0350e-19	-3.8786e-22	1.0311e-19
7.0200e-12	1.0350e-19	-3.8625e-22	1.0311e-19
7.0400e-12	1.0350e-19	-3.8483e-22	1.0312e-19
7.0600e-12	1.0350e-19	-3.8359e-22	1.0312e-19
7.0800e-12	1.0350e-19	-3.8251e-22	1.0312e-19
7.1000e-12	1.0350e-19	-3.8158e-22	1.0312e-19
7.1200e-12	1.0350e-19	-3.8081e-22	1.0312e-19
7.1400e-12	1.0350e-19	-3.8017e-22	1.0312e-19
7.1600e-12	1.0350e-19	-3.7966e-22	1.0312e-19
7.1800e-12	1.0350e-19	-3.7927e-22	1.0312e-19
7.2000e-12	1.0350e-19	-3.7899e-22	1.0312e-19
7.2200e-12	1.0350e-19	-3.7882e-22	1.0312e-19
7.2400e-12	1.0350e-19	-3.7885e-22	1.0312e-19
7.2600e-12	1.0350e-19	-3.7906e-22	1.0312e-19
7.2800e-12	1.0350e-19	-3.7933e-22	1.0312e-19
7.3000e-12	1.0350e-19	-3.7966e-22	1.0312e-19
7.3200e-12	1.0350e-19	-3.8006e-22	1.0312e-19
7.3400e-12	1.0350e-19	-3.8051e-22	1.0312e-19
7.3600e-12	1.0350e-19	-3.8102e-22	1.0312e-19
7.3800e-12	1.0350e-19	-3.8158e-22	1.0312e-19
7.4000e-12	1.0350e-19	-3.8219e-22	1.0312e-19
7.4200e-12	1.0350e-19	-3.8285e-22	1.0312e-19
7.4400e-12	1.0350e-19	-3.8355e-22	1.0312e-19
7.4600e-12	1.0350e-19	-3.8430e-22	1.0312e-19
7.4800e-12	1.0350e-19	-3.8510e-22	1.0311e-19
7.5000e-12	1.0350e-19	-3.8594e-22	1.0311e-19
7.5200e-12	1.0350e-19	-3.8683e-22	1.0311e-19
7.5400e-12	1.0350e-19	-3.8775e-22	1.0311e-19
7.5600e-12	1.0350e-19	-3.8871e-22	1.0311e-19
7.5800e-12	1.0350e-19	-3.8970e-22	1.0311e-19
7.6000e-12	1.0350e-19	-3.9074e-22	1.0311e-19
7.6200e-12	1.0350e-19	-3.9181e-22	1.0311e-19
7.6400e-12	1.0350e-19	-3.9292e-22	1.0311e-19
7.6600e-12	1.0350e-19	-3.9406e-22	1.0311e-19
7.6800e-12	1.0350e-19	-3.9524e-22	1.0310e-19
7.7000e-12	1.0350e-19	-3.9646e-22	1.0310e-19
7.7200e-12	1.0350e-19	-3.9772e-22	1.0310e-19
7.7400e-12	1.0350e-19	-3.9901e-22	1.0310e-19
7.7600e-12	1.0350e-19	-4.0035e-22	1.0310e-19
7.7800e-12	1.0350e-19	-4.0172e-22	1.0310e-19
7.8000e-12	1.0350e-19	-4.0314e-22	1.0310e-19
7.8200e-12	1.0350e-19	-4.0460e-22	1.0310e-19
7.8400e-12	1.0350e-19	-4.0611e-22	1.0309e-19
7.8600e-12	1.0350e-19	-4.0766e-22	1.0309e-19
7.8800e-12	1.0350e-19	-4.0927e-22	1.0309e-19
7.9000e-12	1.0350e-19	-4.1092e-22	1.0309e-19
7.9200e-12	1.0350e-19	-4.1264e-22	1.0309e-19
7.9400e-12	1.0350e-19	-4.1441e-22	1.0309e-19
7.9600e-12	1.0350e-19	-4.1624e-22	1.0308e-19
7.9800e-12	1.0350e-19	-4.1814e-22	1.0308e-19
8.0000e-12	1.0350e-19	-4.2011e-22	1.0308e-19
8.0200e-12	1.0350e-19	-4.2215e-22	1.0308e-19
8.0400e-12	1.0350e-19	-4.2427e-22	1.0308e-19
8.0600e-12	1.0350e-19	-4.2647e-22	1.0307e-19
8.0800e-12	1.0350e-19	-4.2877e-22	1.0307e-19
8.1000e-12	1.0350e-19	-4.3115e-22	1.0307e-19
8.1200e-12	1.0350e-19	-4.3363e-22	1.0307e-19
8.1400e-12	1.0350e-19	-4.3622e-22	1.0306e-19
8.1600e-12	1.0350e-19	-4.3892e-22	1.0306e-19
8.1800e-12	1.0350e-19	-4.4173e-22	1.0306e-19
8.2000e-12	1.0350e-19	-4.4467e-22	1.0306e-19
8.2200e-12	1.0350e-19	-4.4773e-22	1.0305e-19
8.2400e-12	1.0350e-19	-4.5093e-22	1.0305e-19
8.2600e-12	1.0350e-19	-4.5428e-22	1.0305e-19
8.2800e-12	1.0350e-19	-4.5777e-22	1.0304e-19
8.3000e-12	1.0350e-19	-4.6142e-22	1.0304e-19
8.3200e-12	1.0350e-19	-4.6523e-22	1.0303e-19
8.3400e-12	1.0350e-19	-4.6922e-22	1.0303e-19
8.3600e-12	1.0350e-19	-4.7337e-22	1.0303e-19
8.3800e-12	1.0350e-19	-4.7772e-22	1.0302e-19
8.4000e-12	1.0350e-19	-4.8225e-22	1.0302e-19
8.4200e-12	1.0350e-19	-4.8697e-22	1.0301e-19
8.4400e-12	1.0350e-19	-4.9190e-22	1.0301e-19
8.4600e-12	1.0350e-19	-4.9703e-22	1.0300e-19
8.4800e-12	1.0350e-19	-5.0237e-22	1.0300e-19
8.5000e-12	1.0350e-19	-5.0792e-22	1.0299e-19
8.5200e-12	1.0350e-19	-5.1368e-22	1.0299e-19
8.5400e-12	1.0350e-19	-5.1967e-22	1.0298e-19
8.5600e-12	1.0350e-19	-5.2587e-22	1.0297e-19
8.5800e-12	1.0350e-19	-5.3229e-22	1.0297e-19
8.6000e-12	1.0350e-19	-5.3893e-22	1.0296e-19
8.6200e-12	1.0350e-19	-5.4578e-22	1.0295e-19
8.6400e-12	1.0350e-19	-5.5284e-22	1.0295e-19
8.6600e-12	1.0350e-19	-5.6011e-22	1.0294e-19
8.6800e-12	1.0350e-19	-5.6758e-22	1.0293e-19
8.7000e-12	1.0350e-19	-5.7524e-22	1.0292e-19
8.7200e-12	1.0350e-19	-5.8308e-22	1.0292e-19
8.7400e-12	1.0350e-19	-5.9110e-22	1.0291e-19
8.7600e-12	1.0350e-19	-5.9928e-22	1.0290e-19
8.7800e-12	1.0350e-19	-6.0761e-22	1.0289e-19
8.8000e-12	1.0350e-19	-6.1608e-22	1.0288e-19
8.8200e-12	1.0350e-19	-6.2468e-22	1.0288e-19
8.8400e-12	1.0350e-19	-6.3338e-22	1.0287e-19
8.8600e-12	1.0350e-19	-6.4219e-22	1.0286e-19
8.8800e-12	1.0350e-19	-6.5107e-22	1.0285e-19
8.9000e-12	1.0350e-19	-6.6002e-22	1.0284e-19
8.9200e-12	1.0350e-19	-6.6903e-22	1.0283e-19
8.9400e-12	1.0350e-19	-6.7807e-22	1.0282e-19
8.9600e-12	1.0350e-19	-6.8715e-22	1.0281e-19
8.9800e-12	1.0350e-19	-6.9624e-22	1.0280e-19
9.0000e-12	1.0350e-19	-7.0536e-22	1.0279e-19
9.0200e-12	1.0350e-19	-7.1448e-22	1.0279e-19
9.0400e-12	1.0350e-19	-7.2362e-22	1.0278e-19
9.0600e-12	1.0350e-19	-7.3278e-22	1.0277e-19
9.0800e-12	1.0350e-19	-7.4197e-22	1.0276e-19
9.1000e-12	1.0350e-19	-7.5121e-22	1.0275e-19
9.1200e-12	1.0350e-19	-7.6052e-22	1.0274e-19
9.1400e-12	1.0350e-19	-7.6994e-22	1.0273e-19
9.1600e-12	1.0350e-19	-7.7951e-22	1.0272e-19
9.1800e-12	1.0350e-19	-7.8928e-22	1.0271e-19
9.2000e-12	1.0350e-19	-7.9931e-22	1.0270e-19
9.2200e-12	1.0350e-19	-8.0969e-22	1.0269e-19
9.2400e-12	1.0350e-19	-8.2049e-22	1.0268e-19
9.2600e-12	1.0350e-19	-8.3182e-22	1.0267e-19
9.2800e-12	1.0350e-19	-8.4380e-22	1.0266e-19
9.3000e-12	1.0350e-19	-8.5658e-22	1.0264e-19
9.3200e-12	1.0350e-19	-8.7031e-22	1.0263e-19
9.3400e-12	1.0350e-19	-8.8518e-22	1.0261e-19
9.3600e-12	1.0350e-19	-9.0140e-22	1.0260e-19
9.3800e-12	1.0350e-19	-9.1920e-22	1.0258e-19
9.4000e-12	1.0350e-19	-9.3886e-22	1.0256e-19
9.4200e-12	1.0350e-19	-9.6068e-22	1.0254e-19
9.4400e-12	1.0350e-19	-9.8499e-22	1.0252e-19
9.4600e-12	1.0350e-19	-1.0122e-21	1.0249e-19
9.4800e-12	1.0350e-19	-1.0427e-21	1.0246e-19
9.5000e-12	1.0350e-19	-1.0770e-21	1.0242e-19
9.5200e-12	1.0350e-19	-1.1157e-21	1.0238e-19
9.5400e-12	1.0350e-19	-1.1593e-21	1.0234e-19
9.5600e-12	1.0350e-19	-1.2084e-21	1.0229e-19
9.5800e-12	1.0350e-19	-1.2637e-21	1.0224e-19
9.6000e-12	1.0350e-19	-1.3258e-21	1.0217e-19
9.6200e-12	1.0350e-19	-1.3955e-21	1.0210e-19
9.6400e-12	1.0350e-19	-1.4731e-21	1.0203e-19
9.6600e-12	1.0350e-19	-1.5590e-21	1.0194e-19
9.6800e-12	1.0350e-19	-1.6526e-21	1.0185e-19
9.7000e-12	1.0350e-19	-1.7528e-21	1.0175e-19
9.7200e-12	1.0350e-19	-1.8565e-21	1.0164e-19
9.7400e-12	1.0350e-19	-1.9578e-21	1.0154e-19
9.7600e-12	1.0350e-19	-2.0463e-21	1.0145e-19
9.7800e-12	1.0350e-19	-2.1040e-21	1.0140e-19
9.8000e-12	1.0350e-19	-2.1024e-21	1.0140e-19
9.8200e-12	1.0350e-19	-1.9986e-21	1.0150e-19
9.8400e-12	1.0350e-19	-1.7365e-21	1.0176e-19
9.8600e-12	1.0350e-19	-1.2610e-21	1.0224e-19
9.8800e-12	1.0350e-19	-5.6155e-22	1.0294e-19
9.9000e-12	1.0350e-19	2.5383e-22	1.0375e-19
9.9200e-12	1.0350e-19	9.1187e-22	1.0441e-19
9.9400e-12	1.0350e-19	1.0894e-21	1.0459e-19
9.9600e-12	1.0350e-19	6.8765e-22	1.0419e-19
9.9800e-12	1.0350e-19	-7.0939e-23	1.0343e-19
1.0000e-11	1.0350e-19	-8.5447e-22	1.0265e-19
1.0020e-11	1.0350e-19	-1.4559e-21	1.0204e-19
1.0040e-11	1.0350e-19	-1.8280e-21	1.0167e-19
1.0060e-11	1.0350e-19	-2.0090e-21	1.0149e-19
1.0080e-11	1.0350e-19	-2.0583e-21	1.0144e-19
1.0100e-11	1.0350e-19	-2.0270e-21	1.0147e-19
1.0120e-11	1.0350e-19	-1.9515e-21	1.0155e-19
1.0140e-11	1.0350e-19	-1.8555e-21	1.0164e-19
1.0160e-11	1.0350e-19	-1.7534e-21	1.0175e-19
1.0180e-11	1.0350e-19	-1.6535e-21	1.0185e-19
1.0200e-11	1.0350e-19	-1.5607e-21	1.0194e-19
1.0220e-11	1.0350e-19	-1.4772e-21	1.0202e-19
1.0240e-11	1.0350e-19	-1.4043e-21	1.0210e-19
1.0260e-11	1.0350e-19	-1.3421e-21	1.0216e-19
1.0280e-11	1.0350e-19	-1.2908e-21	1.0221e-19
1.0300e-11	1.0350e-19	-1.2501e-21	1.0225e-19
1.0320e-11	1.0350e-19	-1.2196e-21	1.0228e-19
1.0340e-11	1.0350e-19	-1.1991e-21	1.0230e-19
1.0360e-11	1.0350e-19	-1.1883e-21	1.0231e-19
1.0380e-11	1.0350e-19	-1.1871e-21	1.0231e-19
1.0400e-11	1.0350e-19	-1.1953e-21	1.0230e-19
1.0420e-11	1.0350e-19	-1.2128e-21	1.0229e-19
1.0440e-11	1.0350e-19	-1.2396e-21	1.0226e-19
1.0460e-11	1.0350e-19	-1.2758e-21	1.0222e-19
1.0480e-11	1.0350e-19	-1.3212e-21	1.0218e-19
1.0500e-11	1.0350e-19	-1.3757e-21	1.0212e-19
1.0520e-11	1.0350e-19	-1.4391e-21	1.0206e-19
1.0540e-11	1.0350e-19	-1.5105e-21	1.0199e-19
1.0560e-11	1.0350e-19	-1.5888e-21	1.0191e-19
1.0580e-11	1.0350e-19	-1.6717e-21	1.0183e-19
1.0600e-11	1.0350e-19	-1.7556e-21	1.0174e-19
1.0620e-11	1.0350e-19	-1.8350e-21	1.0166e-19
1.0640e-11	1.0350e-19	-1.9014e-21	1.0160e-19
1.0660e-11	1.0350e-19	-1.9424e-21	1.0156e-19
1.0680e-11	1.0350e-19	-1.9413e-21	1.0156e-19
1.0700e-11	1.0350e-19	-1.8774e-21	1.0162e-19
1.0720e-11	1.0350e-19	-1.7292e-21	1.0177e-19
1.0740e-11	1.0350e-19	-1.4833e-21	1.0202e-19
1.0760e-11	1.0350e-19	-1.1496e-21	1.0235e-19
1.0780e-11	1.0350e-19	-7.7812e-22	1.0272e-19
1.0800e-11	1.0350e-19	-4.6322e-22	1.0304e-19
1.0820e-11	1.0350e-19	-3.1182e-22	1.0319e-19
1.0840e-11	1.0350e-19	-3.8281e-22	1.0312e-19
1.0860e-11	1.0350e-19	-6.4557e-22	1.0285e-19
1.0880e-11	1.0350e-19	-1.0016e-21	1.0250e-19
1.0900e-11	1.0350e-19	-1.3464e-21	1.0215e-19
1.0920e-11	1.0350e-19	-1.6138e-21	1.0189e-19
1.0940e-11	1.0350e-19	-1.7826e-21	1.0172e-19
1.0960e-11	1.0350e-19	-1.8607e-21	1.0164e-19
1.0980e-11	1.0350e-19	-1.8682e-21	1.0163e-19
1.1000e-11	1.0350e-19	-1.8266e-21	1.0167e-19
1.1020e-11	1.0350e-19	-1.7539e-21	1.0175e-19
1.1040e-11	1.0350e-19	-1.6635e-21	1.0184e-19
1.1060e-11	1.0350e-19	-1.5651e-21	1.0193e-19
1.1080e-11	1.0350e-19	-1.4648e-21	1.0204e-19
1.1100e-11	1.0350e-19	-1.3665e-21	1.0213e-19
1.1120e-11	1.0350e-19	-1.2728e-21	1.0223e-19
1.1140e-11	1.0350e-19	-1.1848e-21	1.0232e-19
1.1160e-11	1.0350e-19	-1.1032e-21	1.0240e-19
1.1180e-11	1.0350e-19	-1.0282e-21	1.0247e-19
1.1200e-11	1.0350e-19	-9.5954e-22	1.0254e-19
1.1220e-11	1.0350e-19	-8.9706e-22	1.0260e-19
1.1240e-11	1.0350e-19	-8.4036e-22	1.0266e-19
1.1260e-11	1.0350e-19	-7.8900e-22	1.0271e-19
1.1280e-11	1.0350e-19	-7.4257e-22	1.0276e-19
1.1300e-11	1.0350e-19	-7.0063e-22	1.0280e-19
1.1320e-11	1.0350e-19	-6.6277e-22	1.0284e-19
1.1340e-11	1.0350e-19	-6.2861e-22	1.0287e-19
1.1360e-11	1.0350e-19	-5.9779e-22	1.0290e-19
1.1380e-11	1.0350e-19	-5.6997e-22	1.0293e-19
1.1400e-11	1.0350e-19	-5.4484e-22	1.0296e-19
1.1420e-11	1.0350e-19	-5.2212e-22	1.0298e-19
1.1440e-11	1.0350e-19	-5.0156e-22	1.0300e-19
1.1460e-11	1.0350e-19	-4.8292e-22	1.0302e-19
1.1480e-11	1.0350e-19	-4.6600e-22	1.0303e-19
1.1500e-11	1.0350e-19	-4.5059e-22	1.0305e-19
1.1520e-11	1.0350e-19	-4.3653e-22	1.0306e-19
1.1540e-11	1.0350e-19	-4.2366e-22	1.0308e-19
1.1560e-11	1.0350e-19	-4.1184e-22	1.0309e-19
1.1580e-11	1.0350e-19	-4.0096e-22	1.0310e-19
1.1600e-11	1.0350e-19	-3.9089e-22	1.0311e-19
1.1620e-11	1.0350e-19	-3.8155e-22	1.0312e-19
1.1640e-11	1.0350e-19	-3.7284e-22	1.0313e-19
1.1660e-11	1.0350e-19	-3.6470e-22	1.0314e-19
1.1680e-11	1.0350e-19	-3.5704e-22	1.0314e-19
1.1700e-11	1.0350e-19	-3.4983e-22	1.0315e-19
1.1720e-11	1.0350e-19	-3.4300e-22	1.0316e-19
1.1740e-11	1.0350e-19	-3.3651e-22	1.0316e-19
1.1760e-11	1.0350e-19	-3.3034e-22	1.0317e-19
1.1780e-11	1.0350e-19	-3.2445e-22	1.0318e-19
1.1800e-11	1.0350e-19	-3.1881e-22	1.0318e-19
1.1820e-11	1.0350e-19	-3.1341e-22	1.0319e-19
1.1840e-11	1.0350e-19	-3.0823e-22	1.0319e-19
1.1860e-11	1.0350e-19	-3.0326e-22	1.0320e-19
1.1880e-11	1.0350e-19	-2.9848e-22	1.0320e-19
1.1900e-11	1.0350e-19	-2.9391e-22	1.0321e-19
1.1920e-11	1.0350e-19	-2.8952e-22	1.0321e-19
1.1940e-11	1.0350e-19	-2.8532e-22	1.0321e-19
1.1960e-11	1.0350e-19	-2.8131e-22	1.0322e-19
1.1980e-11	1.0350e-19	-2.7748e-22	1.0322e-19
1.2000e-11	1.0350e-19	-2.7384e-22	1.0323e-19
1.2020e-11	1.0350e-19	-2.7040e-22	1.0323e-19
1.2040e-11	1.0350e-19	-2.6715e-22	1.0323e-19
1.2060e-11	1.0350e-19	-2.6410e-22	1.0324e-19
1.2080e-11	1.0350e-19	-2.6124e-22	1.0324e-19
1.2100e-11	1.0350e-19	-2.5859e-22	1.0324e-19
1.2120e-11	1.0350e-19	-2.5614e-22	1.0324e-19
1.2140e-11	1.0350e-19	-2.5390e-22	1.0325e-19
1.2160e-11	1.0350e-19	-2.5187e-22	1.0325e-19
1.2180e-11	1.0350e-19	-2.5005e-22	1.0325e-19
1.2200e-11	1.0350e-19	-2.4844e-22	1.0325e-19
1.2220e-11	1.0350e-19	-2.4705e-22	1.0325e-19
1.2240e-11	1.0350e-19	-2.4588e-22	1.0325e-19
1.2260e-11	1.0350e-19	-2.4492e-22	1.0326e-19
1.2280e-11	1.0350e-19	-2.4417e-22	1.0326e-19
1.2300e-11	1.0350e-19	-2.4365e-22	1.0326e-19
1.2320e-11	1.0350e-19	-2.4334e-22	1.0326e-19
1.2340e-11	1.0350e-19	-2.4325e-22	1.0326e-19
1.2360e-11	1.0350e-19	-2.4337e-22	1.0326e-19
1.2380e-11	1.0350e-19	-2.4372e-22	1.0326e-19
1.2400e-11	1.0350e-19	-2.4427e-22	1.0326e-19
1.2420e-11	1.0350e-19	-2.4505e-22	1.0325e-19
1.2440e-11	1.0350e-19	-2.4604e-22	1.0325e-19
1.2460e-11	1.0350e-19	-2.4724e-22	1.0325e-19
1.2480e-11	1.0350e-19	-2.4866e-22	1.0325e-19
1.2500e-11	1.0350e-19	-2.5029e-22	1.0325e-19
1.2520e-11	1.0350e-19	-2.5214e-22	1.0325e-19
1.2540e-11	1.0350e-19	-2.5420e-22	1.0325e-19
1.2560e-11	1.0350e-19	-2.5648e-22	1.0324e-19
1.2580e-11	1.0350e-19	-2.5898e-22	1.0324e-19
1.2600e-11	1.0350e-19	-2.6169e-22	1.0324e-19
1.2620e-11	1.0350e-19	-2.6463e-22	1.0324e-19
1.2640e-11	1.0350e-19	-2.6778e-22	1.0323e-19
1.2660e-11	1.0350e-19	-2.7116e-22	1.0323e-19
1.2680e-11	1.0350e-19	-2.7477e-22	1.0323e-19
1.2700e-11	1.0350e-19	-2.7860e-22	1.0322e-19
1.2720e-11	1.0350e-19	-2.8267e-22	1.0322e-19
1.2740e-11	1.0350e-19	-2.8697e-22	1.0321e-19
1.2760e-11	1.0350e-19	-2.9152e-22	1.0321e-19
1.2780e-11	1.0350e-19	-2.9631e-22	1.0320e-19
1.2800e-11	1.0350e-19	-3.0135e-22	1.0320e-19
1.2820e-11	1.0350e-19	-3.0665e-22	1.0319e-19
1.2840e-11	1.0350e-19	-3.1222e-22	1.0319e-19
1.2860e-11	1.0350e-19	-3.1806e-22	1.0318e-19
1.2880e-11	1.0350e-19	-3.2418e-22	1.0318e-19
1.2900e-11	1.0350e-19	-3.3060e-22	1.0317e-19
1.2920e-11	1.0350e-19	-3.3731e-22	1.0316e-19
1.2940e-11	1.0350e-19	-3.4434e-22	1.0316e-19
1.2960e-11	1.0350e-19	-3.5169e-22	1.0315e-19
1.2980e-11	1.0350e-19	-3.5938e-22	1.0314e-19
1.3000e-11	1.0350e-19	-3.6743e-22	1.0313e-19
1.3020e-11	1.0350e-19	-3.7584e-22	1.0312e-19
1.3040e-11	1.0350e-19	-3.8465e-22	1.0312e-19
1.3060e-11	1.0350e-19	-3.9386e-22	1.0311e-19
1.3080e-11	1.0350e-19	-4.0349e-22	1.0310e-19
1.3100e-11	1.0350e-19	-4.1358e-22	1.0309e-19
1.3120e-11	1.0350e-19	-4.2415e-22	1.0308e-19
1.3140e-11	1.0350e-19	-4.3521e-22	1.0306e-19
1.3160e-11	1.0350e-19	-4.4681e-22	1.0305e-19
1.3180e-11	1.0350e-19	-4.5898e-22	1.0304e-19
1.3200e-11	1.0350e-19	-4.7174e-22	1.0303e-19
1.3220e-11	1.0350e-19	-4.8514e-22	1.0301e-19
1.3240e-11	1.0350e-19	-4.9922e-22	1.0300e-19
1.3260e-11	1.0350e-19	-5.1403e-22	1.0299e-19
1.3280e-11	1.0350e-19	-5.2961e-22	1.0297e-19
1.3300e-11	1.0350e-19	-5.4602e-22	1.0295e-19
1.3320e-11	1.0350e-19	-5.6332e-22	1.0294e-19
1.3340e-11	1.0350e-19	-5.8158e-22	1.0292e-19
1.3360e-11	1.0350e-19	-6.0086e-22	1.0290e-19
1.3380e-11	1.0350e-19	-6.2125e-22	1.0288e-19
1.3400e-11	1.0350e-19	-6.4283e-22	1.0286e-19
1.3420e-11	1.0350e-19	-6.6569e-22	1.0283e-19
1.3440e-11	1.0350e-19	-6.8993e-22	1.0281e-19
1.3460e-11	1.0350e-19	-7.1567e-22	1.0278e-19
1.3480e-11	1.0350e-19	-7.4304e-22	1.0276e-19
1.3500e-11	1.0350e-19	-7.7215e-22	1.0273e-19
1.3520e-11	1.0350e-19	-8.0316e-22	1.0270e-19
1.3540e-11	1.0350e-19	-8.3622e-22	1.0266e-19
1.3560e-11	1.0350e-19	-8.7150e-22	1.0263e-19
1.3580e-11	1.0350e-19	-9.0919e-22	1.0259e-19
1.3600e-11	1.0350e-19	-9.4947e-22	1.0255e-19
1.3620e-11	1.0350e-19	-9.9255e-22	1.0251e-19
1.3640e-11	1.0350e-19	-1.0386e-21	1.0246e-19
1.3660e-11	1.0350e-19	-1.0879e-21	1.0241e-19
1.3680e-11	1.0350e-19	-1.1407e-21	1.0236e-19
1.3700e-11	1.0350e-19	-1.1970e-21	1.0230e-19
1.3720e-11	1.0350e-19	-1.2570e-21	1.0224e-19
1.3740e-11	1.0350e-19	-1.3208e-21	1.0218e-19
1.3760e-11	1.0350e-19	-1.3884e-21	1.0211e-19
1.3780e-11	1.0350e-19	-1.4594e-21	1.0204e-19
1.3800e-11	1.0350e-19	-1.5334e-21	1.0197e-19
1.3820e-11	1.0350e-19	-1.6093e-21	1.0189e-19
1.3840e-11	1.0350e-19	-1.6857e-21	1.0181e-19
1.3860e-11	1.0350e-19	-1.7599e-21	1.0174e-19
1.3880e-11	1.0350e-19	-1.8285e-21	1.0167e-19
1.3900e-11	1.0350e-19	-1.8860e-21	1.0161e-19
1.3920e-11	1.0350e-19	-1.9252e-21	1.0157e-19
1.3940e-11	1.0350e-19	-1.9367e-21	1.0156e-19
1.3960e-11	1.0350e-19	-1.9089e-21	1.0159e-19
1.3980e-11	1.0350e-19	-1.8302e-21	1.0167e-19
1.4000e-11	1.0350e-19	-1.6916e-21	1.0181e-19
1.4020e-11	1.0350e-19	-1.4935e-21	1.0201e-19
1.4040e-11	1.0350e-19	-1.2534e-21	1.0225e-19
1.4060e-11	1.0350e-19	-1.0115e-21	1.0249e-19
1.4080e-11	1.0350e-19	-8.2587e-22	1.0267e-19
1.4100e-11	1.0350e-19	-7.5305e-22	1.0275e-19
1.4120e-11	1.0350e-19	-8.2013e-22	1.0268e-19
1.4140e-11	1.0350e-19	-1.0093e-21	1.0249e-19
1.4160e-11	1.0350e-19	-1.2680e-21	1.0223e-19
1.4180e-11	1.0350e-19	-1.5363e-21	1.0196e-19
1.4200e-11	1.0350e-19	-1.7692e-21	1.0173e-19
1.4220e-11	1.0350e-19	-1.9449e-21	1.0156e-19
1.4240e-11	1.0350e-19	-2.0604e-21	1.0144e-19
1.4260e-11	1.0350e-19	-2.1234e-21	1.0138e-19
1.4280e-11	1.0350e-19	-2.1454e-21	1.0135e-19
1.4300e-11	1.0350e-19	-2.1384e-21	1.0136e-19
1.4320e-11	1.0350e-19	-2.1124e-21	1.0139e-19
1.4340e-11	1.0350e-19	-2.0751e-21	1.0142e-19
1.4360e-11	1.0350e-19	-2.0323e-21	1.0147e-19
1.4380e-11	1.0350e-19	-1.9882e-21	1.0151e-19
1.4400e-11	1.0350e-19	-1.9454e-21	1.0155e-19
1.4420e-11	1.0350e-19	-1.9058e-21	1.0159e-19
1.4440e-11	1.0350e-19	-1.8706e-21	1.0163e-19
1.4460e-11	1.0350e-19	-1.8406e-21	1.0166e-19
1.4480e-11	1.0350e-19	-1.8162e-21	1.0168e-19
1.4500e-11	1.0350e-19	-1.7976e-21	1.0170e-19
1.4520e-11	1.0350e-19	-1.7848e-21	1.0172e-19
1.4540e-11	1.0350e-19	-1.7779e-21	1.0172e-19
1.4560e-11	1.0350e-19	-1.7768e-21	1.0172e-19
1.4580e-11	1.0350e-19	-1.7815e-21	1.0172e-19
1.4600e-11	1.0350e-19	-1.7918e-21	1.0171e-19
1.4620e-11	1.0350e-19	-1.8076e-21	1.0169e-19
1.4640e-11	1.0350e-19	-1.8289e-21	1.0167e-19
1.4660e-11	1.0350e-19	-1.8555e-21	1.0164e-19
1.4680e-11	1.0350e-19	-1.8874e-21	1.0161e-19
1.4700e-11	1.0350e-19	-1.9244e-21	1.0158e-19
1.4720e-11	1.0350e-19	-1.9663e-21	1.0153e-19
1.4740e-11	1.0350e-19	-2.0132e-21	1.0149e-19
1.4760e-11	1.0350e-19	-2.0649e-21	1.0144e-19
1.4780e-11	1.0350e-19	-2.1211e-21	1.0138e-19
1.4800e-11	1.0350e-19	-2.1818e-21	1.0132e-19
1.4820e-11	1.0350e-19	-2.2466e-21	1.0125e-19
1.4840e-11	1.0350e-19	-2.3155e-21	1.0118e-19
1.4860e-11	1.0350e-19	-2.3880e-21	1.0111e-19
1.4880e-11	1.0350e-19	-2.4639e-21	1.0104e-19
1.4900e-11	1.0350e-19	-2.5428e-21	1.0096e-19
1.4920e-11	1.0350e-19	-2.6242e-21	1.0088e-19
1.4940e-11	1.0350e-19	-2.7077e-21	1.0079e-19
1.4960e-11	1.0350e-19	-2.7928e-21	1.0071e-19
1.4980e-11	1.0350e-19	-2.8791e-21	1.0062e-19
1.5000e-11	1.0350e-19	-2.9660e-21	1.0053e-19
1.5020e-11	1.0350e-19	-3.0533e-21	1.0045e-19
1.5040e-11	1.0350e-19	-3.1408e-21	1.0036e-19
1.5060e-11	1.0350e-19	-3.2287e-21	1.0027e-19
1.5080e-11	1.0350e-19	-3.3171e-21	1.0018e-19
1.5100e-11	1.0350e-19	-3.4070e-21	1.0009e-19
1.5120e-11	1.0350e-19	-3.4994e-21	1.0000e-19
1.5140e-11	1.0350e-19	-3.5956e-21	9.9904e-20
1.5160e-11	1.0350e-19	-3.6971e-21	9.9803e-20
1.5180e-11	1.0350e-19	-3.8053e-21	9.9695e-20
1.5200e-11	1.0350e-19	-3.9209e-21	9.9579e-20
1.5220e-11	1.0350e-19	-4.0438e-21	9.9456e-20
1.5240e-11	1.0350e-19	-4.1722e-21	9.9328e-20
1.5260e-11	1.0350e-19	-4.3021e-21	9.9198e-20
1.5280e-11	1.0350e-19	-4.4265e-21	9.9073e-20
1.5300e-11	1.0350e-19	-4.5341e-21	9.8966e-20
1.5320e-11	1.0350e-19	-4.6079e-21	9.8892e-20
1.5340e-11	1.0350e-19	-4.6245e-21	9.8876e-20
1.5360e-11	1.0350e-19	-4.5535e-21	9.8946e-20
1.5380e-11	1.0350e-19	-4.3626e-21	9.9137e-20
1.5400e-11	1.0350e-19	-4.0307e-21	9.9469e-20
1.5420e-11	1.0350e-19	-3.5738e-21	9.9926e-20
1.5440e-11	1.0350e-19	-3.0766e-21	1.0042e-19
1.5460e-11	1.0350e-19	-2.6946e-21	1.0081e-19
1.5480e-11	1.0350e-19	-2.5872e-21	1.0091e-19
1.5500e-11	1.0350e-19	-2.8054e-21	1.0069e-19
1.5520e-11	1.0350e-19	-3.2470e-21	1.0025e-19
1.5540e-11	1.0350e-19	-3.7349e-21	9.9765e-20
1.5560e-11	1.0350e-19	-4.1261e-21	9.9374e-20
1.5580e-11	1.0350e-19	-4.3551e-21	9.9145e-20
1.5600e-11	1.0350e-19	-4.4174e-21	9.9083e-20
1.5620e-11	1.0350e-19	-4.3389e-21	9.9161e-20
1.5640e-11	1.0350e-19	-4.1569e-21	9.9343e-20
1.5660e-11	1.0350e-19	-3.9127e-21	9.9587e-20
1.5680e-11	1.0350e-19	-3.6495e-21	9.9850e-20
1.5700e-11	1.0350e-19	-3.4089e-21	1.0009e-19
1.5720e-11	1.0350e-19	-3.2240e-21	1.0028e-19
1.5740e-11	1.0350e-19	-3.1110e-21	1.0039e-19
1.5760e-11	1.0350e-19	-3.0659e-21	1.0043e-19
1.5780e-11	1.0350e-19	-3.0683e-21	1.0043e-19
1.5800e-11	1.0350e-19	-3.0911e-21	1.0041e-19
1.5820e-11	1.0350e-19	-3.1102e-21	1.0039e-19
1.5840e-11	1.0350e-19	-3.1098e-21	1.0039e-19
1.5860e-11	1.0350e-19	-3.0828e-21	1.0042e-19
1.5880e-11	1.0350e-19	-3.0291e-21	1.0047e-19
1.5900e-11	1.0350e-19	-2.9524e-21	1.0055e-19
1.5920e-11	1.0350e-19	-2.8581e-21	1.0064e-19
1.5940e-11	1.0350e-19	-2.7518e-21	1.0075e-19
1.5960e-11	1.0350e-19	-2.6384e-21	1.0086e-19
1.5980e-11	1.0350e-19	-2.5217e-21	1.0098e-19
1.6000e-11	1.0350e-19	-2.4048e-21	1.0110e-19
1.6020e-11	1.0350e-19	-2.2899e-21	1.0121e-19
1.6040e-11	1.0350e-19	-2.1785e-21	1.0132e-19
1.6060e-11	1.0350e-19	-2.0714e-21	1.0143e-19
1.6080e-11	1.0350e-19	-1.9694e-21	1.0153e-19
1.6100e-11	1.0350e-19	-1.8727e-21	1.0163e-19
1.6120e-11	1.0350e-19	-1.7814e-21	1.0172e-19
1.6140e-11	1.0350e-19	-1.6955e-21	1.0180e-19
1.6160e-11	1.0350e-19	-1.6148e-21	1.0189e-19
1.6180e-11	1.0350e-19	-1.5391e-21	1.0196e-19
1.6200e-11	1.0350e-19	-1.4683e-21	1.0203e-19
1.6220e-11	1.0350e-19	-1.4020e-21	1.0210e-19
1.6240e-11	1.0350e-19	-1.3400e-21	1.0216e-19
1.6260e-11	1.0350e-19	-1.2820e-21	1.0222e-19
1.6280e-11	1.0350e-19	-1.2279e-21	1.0227e-19
1.6300e-11	1.0350e-19	-1.1773e-21	1.0232e-19
1.6320e-11	1.0350e-19	-1.1301e-21	1.0237e-19
1.6340e-11	1.0350e-19	-1.0860e-21	1.0241e-19
1.6360e-11	1.0350e-19	-1.0449e-21	1.0246e-19
1.6380e-11	1.0350e-19	-1.0065e-21	1.0249e-19
1.6400e-11	1.0350e-19	-9.7084e-22	1.0253e-19
1.6420e-11	1.0350e-19	-9.3762e-22	1.0256e-19
1.6440e-11	1.0350e-19	-9.0675e-22	1.0259e-19
1.6460e-11	1.0350e-19	-8.7812e-22	1.0262e-19
1.6480e-11	1.0350e-19	-8.5163e-22	1.0265e-19
1.6500e-11	1.0350e-19	-8.2719e-22	1.0267e-19
1.6520e-11	1.0350e-19	-8.0473e-22	1.0270e-19
1.6540e-11	1.0350e-19	-7.8420e-22	1.0272e-19
1.6560e-11	1.0350e-19	-7.6554e-22	1.0273e-19
1.6580e-11	1.0350e-19	-7.4873e-22	1.0275e-19
1.6600e-11	1.0350e-19	-7.3374e-22	1.0277e-19
1.6620e-11	1.0350e-19	-7.2057e-22	1.0278e-19
1.6640e-11	1.0350e-19	-7.0925e-22	1.0279e-19
1.6660e-11	1.0350e-19	-6.9978e-22	1.0280e-19
1.6680e-11	1.0350e-19	-6.9223e-22	1.0281e-19
1.6700e-11	1.0350e-19	-6.8665e-22	1.0281e-19
1.6720e-11	1.0350e-19	-6.8314e-22	1.0282e-19
1.6740e-11	1.0350e-19	-6.8180e-22	1.0282e-19
1.6760e-11	1.0350e-19	-6.8277e-22	1.0282e-19
1.6780e-11	1.0350e-19	-6.8623e-22	1.0281e-19
1.6800e-11	1.0350e-19	-6.9238e-22	1.0281e-19
1.6820e-11	1.0350e-19	-7.0144e-22	1.0280e-19
1.6840e-11	1.0350e-19	-7.1370e-22	1.0279e-19
1.6860e-11	1.0350e-19	-7.2948e-22	1.0277e-19
1.6880e-11	1.0350e-19	-7.4916e-22	1.0275e-19
1.6900e-11	1.0350e-19	-7.7320e-22	1.0273e-19
1.6920e-11	1.0350e-19	-8.0213e-22	1.0270e-19
1.6940e-11	1.0350e-19	-8.3657e-22	1.0266e-19
1.6960e-11	1.0350e-19	-8.7730e-22	1.0262e-19
1.6980e-11	1.0350e-19	-9.2510e-22	1.0257e-19
1.7000e-11	1.0350e-19	-9.8090e-22	1.0252e-19
1.7020e-11	1.0350e-19	-1.0458e-21	1.0245e-19
1.7040e-11	1.0350e-19	-1.1208e-21	1.0238e-19
1.7060e-11	1.0350e-19	-1.2073e-21	1.0229e-19
1.7080e-11	1.0350e-19	-1.3062e-21	1.0219e-19
1.7100e-11	1.0350e-19	-1.4186e-21	1.0208e-19
1.7120e-11	1.0350e-19	-1.5446e-21	1.0196e-19
1.7140e-11	1.0350e-19	-1.6830e-21	1.0182e-19
1.7160e-11	1.0350e-19	-1.8299e-21	1.0167e-19
1.7180e-11	1.0350e-19	-1.9763e-21	1.0152e-19
1.7200e-11	1.0350e-19	-2.1035e-21	1.0140e-19
1.7220e-11	1.0350e-19	-2.1765e-21	1.0132e-19
1.7240e-11	1.0350e-19	-2.1328e-21	1.0137e-19
1.7260e-11	1.0350e-19	-1.8714e-21	1.0163e-19
1.7280e-11	1.0350e-19	-1.2562e-21	1.0224e-19
1.7300e-11	1.0350e-19	-1.8088e-22	1.0332e-19
1.7320e-11	1.0350e-19	1.2393e-21	1.0474e-19
1.7340e-11	1.0350e-19	2.4321e-21	1.0593e-19
1.7360e-11	1.0350e-19	2.5947e-21	1.0609e-19
1.7380e-11	1.0350e-19	1.5631e-21	1.0506e-19
1.7400e-11	1.0350e-19	4.1343e-23	1.0354e-19
1.7420e-11	1.0350e-19	-1.2525e-21	1.0225e-19
1.7440e-11	1.0350e-19	-2.0831e-21	1.0142e-19
1.7460e-11	1.0350e-19	-2.5232e-21	1.0098e-19
1.7480e-11	1.0350e-19	-2.7139e-21	1.0079e-19
1.7500e-11	1.0350e-19	-2.7690e-21	1.0073e-19
1.7520e-11	1.0350e-19	-2.7612e-21	1.0074e-19
1.7540e-11	1.0350e-19	-2.7327e-21	1.0077e-19
1.7560e-11	1.0350e-19	-2.7059e-21	1.0079e-19
1.7580e-11	1.0350e-19	-2.6915e-21	1.0081e-19
1.7600e-11	1.0350e-19	-2.6930e-21	1.0081e-19
1.7620e-11	1.0350e-19	-2.7091e-21	1.0079e-19
1.7640e-11	1.0350e-19	-2.7339e-21	1.0077e-19
1.7660e-11	1.0350e-19	-2.7576e-21	1.0074e-19
1.7680e-11	1.0350e-19	-2.7646e-21	1.0074e-19
1.7700e-11	1.0350e-19	-2.7334e-21	1.0077e-19
1.7720e-11	1.0350e-19	-2.6365e-21	1.0086e-19
1.7740e-11	1.0350e-19	-2.4446e-21	1.0106e-19
1.7760e-11	1.0350e-19	-2.1379e-21	1.0136e-19
1.7780e-11	1.0350e-19	-1.7284e-21	1.0177e-19
1.7800e-11	1.0350e-19	-1.2850e-21	1.0222e-19
1.7820e-11	1.0350e-19	-9.3586e-22	1.0256e-19
1.7840e-11	1.0350e-19	-8.1664e-22	1.0268e-19
1.7860e-11	1.0350e-19	-9.8040e-22	1.0252e-19
1.7880e-11	1.0350e-19	-1.3551e-21	1.0214e-19
1.7900e-11	1.0350e-19	-1.7987e-21	1.0170e-19
1.7920e-11	1.0350e-19	-2.1893e-21	1.0131e-19
1.7940e-11	1.0350e-19	-2.4677e-21	1.0103e-19
1.7960e-11	1.0350e-19	-2.6289e-21	1.0087e-19
1.7980e-11	1.0350e-19	-2.6945e-21	1.0081e-19
1.8000e-11	1.0350e-19	-2.6932e-21	1.0081e-19
1.8020e-11	1.0350e-19	-2.6504e-21	1.0085e-19
1.8040e-11	1.0350e-19	-2.5855e-21	1.0091e-19
1.8060e-11	1.0350e-19	-2.5119e-21	1.0099e-19
1.8080e-11	1.0350e-19	-2.4382e-21	1.0106e-19
1.8100e-11	1.0350e-19	-2.3697e-21	1.0113e-19
1.8120e-11	1.0350e-19	-2.3093e-21	1.0119e-19
1.8140e-11	1.0350e-19	-2.2586e-21	1.0124e-19
1.8160e-11	1.0350e-19	-2.2178e-21	1.0128e-19
1.8180e-11	1.0350e-19	-2.1866e-21	1.0131e-19
1.8200e-11	1.0350e-19	-2.1644e-21	1.0134e-19
1.8220e-11	1.0350e-19	-2.1499e-21	1.0135e-19
1.8240e-11	1.0350e-19	-2.1418e-21	1.0136e-19
1.8260e-11	1.0350e-19	-2.1382e-21	1.0136e-19
1.8280e-11	1.0350e-19	-2.1375e-21	1.0136e-19
1.8300e-11	1.0350e-19	-2.1374e-21	1.0136e-19
1.8320e-11	1.0350e-19	-2.1357e-21	1.0136e-19
1.8340e-11	1.0350e-19	-2.1301e-21	1.0137e-19
1.8360e-11	1.0350e-19	-2.1182e-21	1.0138e-19
1.8380e-11	1.0350e-19	-2.0982e-21	1.0140e-19
1.8400e-11	1.0350e-19	-2.0689e-21	1.0143e-19
1.8420e-11	1.0350e-19	-2.0302e-21	1.0147e-19
1.8440e-11	1.0350e-19	-1.9835e-21	1.0152e-19
1.8460e-11	1.0350e-19	-1.9318e-21	1.0157e-19
1.8480e-11	1.0350e-19	-1.8800e-21	1.0162e-19
1.8500e-11	1.0350e-19	-1.8339e-21	1.0167e-19
1.8520e-11	1.0350e-19	-1.7991e-21	1.0170e-19
1.8540e-11	1.0350e-19	-1.7797e-21	1.0172e-19
1.8560e-11	1.0350e-19	-1.7774e-21	1.0172e-19
1.8580e-11	1.0350e-19	-1.7905e-21	1.0171e-19
1.8600e-11	1.0350e-19	-1.8148e-21	1.0169e-19
1.8620e-11	1.0350e-19	-1.8463e-21	1.0165e-19
1.8640e-11	1.0350e-19	-1.8767e-21	1.0162e-19
1.8660e-11	1.0350e-19	-1.9008e-21	1.0160e-19
1.8680e-11	1.0350e-19	-1.9150e-21	1.0158e-19
1.8700e-11	1.0350e-19	-1.9175e-21	1.0158e-19
1.8720e-11	1.0350e-19	-1.9078e-21	1.0159e-19
1.8740e-11	1.0350e-19	-1.8867e-21	1.0161e-19
1.8760e-11	1.0350e-19	-1.8558e-21	1.0164e-19
1.8780e-11	1.0350e-19	-1.8166e-21	1.0168e-19
1.8800e-11	1.0350e-19	-1.7712e-21	1.0173e-19
1.8820e-11	1.0350e-19	-1.7211e-21	1.0178e-19
1.8840e-11	1.0350e-19	-1.6679e-21	1.0183e-19
1.8860e-11	1.0350e-19	-1.6129e-21	1.0189e-19
1.8880e-11	1.0350e-19	-1.5572e-21	1.0194e-19
1.8900e-11	1.0350e-19	-1.5015e-21	1.0200e-19
1.8920e-11	1.0350e-19	-1.4467e-21	1.0205e-19
1.8940e-11	1.0350e-19	-1.3931e-21	1.0211e-19
1.8960e-11	1.0350e-19	-1.3411e-21	1.0216e-19
1.8980e-11	1.0350e-19	-1.2911e-21	1.0221e-19
1.9000e-11	1.0350e-19	-1.2432e-21	1.0226e-19
1.9020e-11	1.0350e-19	-1.1975e-21	1.0230e-19
1.9040e-11	1.0350e-19	-1.1542e-21	1.0235e-19
1.9060e-11	1.0350e-19	-1.1132e-21	1.0239e-19
1.9080e-11	1.0350e-19	-1.0746e-21	1.0243e-19
1.9100e-11	1.0350e-19	-1.0383e-21	1.0246e-19
1.9120e-11	1.0350e-19	-1.0045e-21	1.0250e-19
1.9140e-11	1.0350e-19	-9.7293e-22	1.0253e-19
1.9160e-11	1.0350e-19	-9.4371e-22	1.0256e-19
1.9180e-11	1.0350e-19	-9.1678e-22	1.0258e-19
1.9200e-11	1.0350e-19	-8.9211e-22	1.0261e-19
1.9220e-11	1.0350e-19	-8.6966e-22	1.0263e-19
1.9240e-11	1.0350e-19	-8.4940e-22	1.0265e-19
1.9260e-11	1.0350e-19	-8.3133e-22	1.0267e-19
1.9280e-11	1.0350e-19	-8.1542e-22	1.0268e-19
1.9300e-11	1.0350e-19	-8.0172e-22	1.0270e-19
1.9320e-11	1.0350e-19	-7.9015e-22	1.0271e-19
1.9340e-11	1.0350e-19	-7.8069e-22	1.0272e-19
1.9360e-11	1.0350e-19	-7.7332e-22	1.0273e-19
1.9380e-11	1.0350e-19	-7.6804e-22	1.0273e-19
1.9400e-11	1.0350e-19	-7.6484e-22	1.0274e-19
1.9420e-11	1.0350e-19	-7.6372e-22	1.0274e-19
1.9440e-11	1.0350e-19	-7.6468e-22	1.0274e-19
1.9460e-11	1.0350e-19	-7.6770e-22	1.0273e-19
1.9480e-11	1.0350e-19	-7.7279e-22	1.0273e-19
1.9500e-11	1.0350e-19	-7.7992e-22	1.0272e-19
1.9520e-11	1.0350e-19	-7.8909e-22	1.0271e-19
1.9540e-11	1.0350e-19	-8.0028e-22	1.0270e-19
1.9560e-11	1.0350e-19	-8.1346e-22	1.0269e-19
1.9580e-11	1.0350e-19	-8.2860e-22	1.0267e-19
1.9600e-11	1.0350e-19	-8.4565e-22	1.0265e-19
1.9620e-11	1.0350e-19	-8.6457e-22	1.0264e-19
1.9640e-11	1.0350e-19	-8.8527e-22	1.0261e-19
1.9660e-11	1.0350e-19	-9.0769e-22	1.0259e-19
1.9680e-11	1.0350e-19	-9.3174e-22	1.0257e-19
1.9700e-11	1.0350e-19	-9.5729e-22	1.0254e-19
1.9720e-11	1.0350e-19	-9.8424e-22	1.0252e-19
1.9740e-11	1.0350e-19	-1.0124e-21	1.0249e-19
1.9760e-11	1.0350e-19	-1.0417e-21	1.0246e-19
1.9780e-11	1.0350e-19	-1.0719e-21	1.0243e-19
1.9800e-11	1.0350e-19	-1.1029e-21	1.0240e-19
1.9820e-11	1.0350e-19	-1.1343e-21	1.0237e-19
1.9840e-11	1.0350e-19	-1.1661e-21	1.0233e-19
1.9860e-11	1.0350e-19	-1.1980e-21	1.0230e-19
1.9880e-11	1.0350e-19	-1.2297e-21	1.0227e-19
1.9900e-11	1.0350e-19	-1.2610e-21	1.0224e-19
1.9920e-11	1.0350e-19	-1.2916e-21	1.0221e-19
1.9940e-11	1.0350e-19	-1.3214e-21	1.0218e-19
1.9960e-11	1.0350e-19	-1.3501e-21	1.0215e-19
1.9980e-11	1.0350e-19	-1.3774e-21	1.0212e-19
2.0000e-11	1.0350e-19	-1.4031e-21	1.0210e-19
2.0020e-11	1.0350e-19	-1.4271e-21	1.0207e-19
2.0040e-11	1.0350e-19	-1.4491e-21	1.0205e-19
2.0060e-11	1.0350e-19	-1.4690e-21	1.0203e-19
2.0080e-11	1.0350e-19	-1.4866e-21	1.0201e-19
2.0100e-11	1.0350e-19	-1.5019e-21	1.0200e-19
2.0120e-11	1.0350e-19	-1.5148e-21	1.0199e-19
2.0140e-11	1.0350e-19	-1.5251e-21	1.0197e-19
2.0160e-11	1.0350e-19	-1.5328e-21	1.0197e-19
2.0180e-11	1.0350e-19	-1.5379e-21	1.0196e-19
2.0200e-11	1.0350e-19	-1.5403e-21	1.0196e-19
2.0220e-11	1.0350e-19	-1.5401e-21	1.0196e-19
2.0240e-11	1.0350e-19	-1.5372e-21	1.0196e-19
2.0260e-11	1.0350e-19	-1.5316e-21	1.0197e-19
2.0280e-11	1.0350e-19	-1.5233e-21	1.0198e-19
2.0300e-11	1.0350e-19	-1.5124e-21	1.0199e-19
2.0320e-11	1.0350e-19	-1.4988e-21	1.0200e-19
2.0340e-11	1.0350e-19	-1.4826e-21	1.0202e-19
2.0360e-11	1.0350e-19	-1.4638e-21	1.0204e-19
2.0380e-11	1.0350e-19	-1.4425e-21	1.0206e-19
2.0400e-11	1.0350e-19	-1.4188e-21	1.0208e-19
2.0420e-11	1.0350e-19	-1.3929e-21	1.0211e-19
2.0440e-11	1.0350e-19	-1.3647e-21	1.0214e-19
2.0460e-11	1.0350e-19	-1.3346e-21	1.0217e-19
2.0480e-11	1.0350e-19	-1.3026e-21	1.0220e-19
2.0500e-11	1.0350e-19	-1.2690e-21	1.0223e-19
2.0520e-11	1.0350e-19	-1.2340e-21	1.0227e-19
2.0540e-11	1.0350e-19	-1.1978e-21	1.0230e-19
2.0560e-11	1.0350e-19	-1.1606e-21	1.0234e-19
2.0580e-11	1.0350e-19	-1.1227e-21	1.0238e-19
2.0600e-11	1.0350e-19	-1.0842e-21	1.0242e-19
2.0620e-11	1.0350e-19	-1.0457e-21	1.0245e-19
2.0640e-11	1.0350e-19	-1.0072e-21	1.0249e-19
2.0660e-11	1.0350e-19	-9.6896e-22	1.0253e-19
2.0680e-11	1.0350e-19	-9.3100e-22	1.0257e-19
2.0700e-11	1.0350e-19	-8.9353e-22	1.0261e-19
2.0720e-11	1.0350e-19	-8.5671e-22	1.0264e-19
2.0740e-11	1.0350e-19	-8.2070e-22	1.0268e-19
2.0760e-11	1.0350e-19	-7.8563e-22	1.0271e-19
2.0780e-11	1.0350e-19	-7.5159e-22	1.0275e-19
2.0800e-11	1.0350e-19	-7.1870e-22	1.0278e-19
2.0820e-11	1.0350e-19	-6.8702e-22	1.0281e-19
2.0840e-11	1.0350e-19	-6.5661e-22	1.0284e-19
2.0860e-11	1.0350e-19	-6.2753e-22	1.0287e-19
2.0880e-11	1.0350e-19	-5.9980e-22	1.0290e-19
2.0900e-11	1.0350e-19	-5.7345e-22	1.0293e-19
2.0920e-11	1.0350e-19	-5.4847e-22	1.0295e-19
2.0940e-11	1.0350e-19	-5.2488e-22	1.0298e-19
2.0960e-11	1.0350e-19	-5.0266e-22	1.0300e-19
2.0980e-11	1.0350e-19	-4.8179e-22	1.0302e-19
2.1000e-11	1.0350e-19	-4.6224e-22	1.0304e-19
2.1020e-11	1.0350e-19	-4.4399e-22	1.0306e-19
2.1040e-11	1.0350e-19	-4.2700e-22	1.0307e-19
2.1060e-11	1.0350e-19	-4.1123e-22	1.0309e-19
2.1080e-11	1.0350e-19	-3.9664e-22	1.0310e-19
2.1100e-11	1.0350e-19	-3.8320e-22	1.0312e-19
2.1120e-11	1.0350e-19	-3.7086e-22	1.0313e-19
2.1140e-11	1.0350e-19	-3.5957e-22	1.0314e-19
2.1160e-11	1.0350e-19	-3.4929e-22	1.0315e-19
2.1180e-11	1.0350e-19	-3.3999e-22	1.0316e-19
2.1200e-11	1.0350e-19	-3.3162e-22	1.0317e-19
2.1220e-11	1.0350e-19	-3.2415e-22	1.0318e-19
2.1240e-11	1.0350e-19	-3.1754e-22	1.0318e-19
2.1260e-11	1.0350e-19	-3.1175e-22	1.0319e-19
2.1280e-11	1.0350e-19	-3.0675e-22	1.0319e-19
2.1300e-11	1.0350e-19	-3.0252e-22	1.0320e-19
2.1320e-11	1.0350e-19	-2.9902e-22	1.0320e-19
2.1340e-11	1.0350e-19	-2.9624e-22	1.0320e-19
2.1360e-11	1.0350e-19	-2.9416e-22	1.0321e-19
2.1380e-11	1.0350e-19	-2.9274e-22	1.0321e-19
2.1400e-11	1.0350e-19	-2.9199e-22	1.0321e-19
2.1420e-11	1.0350e-19	-2.9189e-22	1.0321e-19
2.1440e-11	1.0350e-19	-2.9242e-22	1.0321e-19
2.1460e-11	1.0350e-19	-2.9359e-22	1.0321e-19
2.1480e-11	1.0350e-19	-2.9540e-22	1.0320e-19
2.1500e-11	1.0350e-19	-2.9783e-22	1.0320e-19
2.1520e-11	1.0350e-19	-3.0090e-22	1.0320e-19
2.1540e-11	1.0350e-19	-3.0462e-22	1.0320e-19
2.1560e-11	1.0350e-19	-3.0900e-22	1.0319e-19
2.1580e-11	1.0350e-19	-3.1405e-22	1.0319e-19
2.1600e-11	1.0350e-19	-3.1979e-22	1.0318e-19
2.1620e-11	1.0350e-19	-3.2626e-22	1.0317e-19
2.1640e-11	1.0350e-19	-3.3347e-22	1.0317e-19
2.1660e-11	1.0350e-19	-3.4147e-22	1.0316e-19
2.1680e-11	1.0350e-19	-3.5029e-22	1.0315e-19
2.1700e-11	1.0350e-19	-3.5998e-22	1.0314e-19
2.1720e-11	1.0350e-19	-3.7060e-22	1.0313e-19
2.1740e-11	1.0350e-19	-3.8220e-22	1.0312e-19
2.1760e-11	1.0350e-19	-3.9486e-22	1.0311e-19
2.1780e-11	1.0350e-19	-4.0865e-22	1.0309e-19
2.1800e-11	1.0350e-19	-4.2366e-22	1.0308e-19
2.1820e-11	1.0350e-19	-4.4000e-22	1.0306e-19
2.1840e-11	1.0350e-19	-4.5777e-22	1.0304e-19
2.1860e-11	1.0350e-19	-4.7711e-22	1.0302e-19
2.1880e-11	1.0350e-19	-4.9816e-22	1.0300e-19
2.1900e-11	1.0350e-19	-5.2108e-22	1.0298e-19
2.1920e-11	1.0350e-19	-5.4607e-22	1.0295e-19
2.1940e-11	1.0350e-19	-5.7332e-22	1.0293e-19
2.1960e-11	1.0350e-19	-6.0309e-22	1.0290e-19
2.1980e-11	1.0350e-19	-6.3564e-22	1.0286e-19
2.2000e-11	1.0350e-19	-6.7129e-22	1.0283e-19
2.2020e-11	1.0350e-19	-7.1039e-22	1.0279e-19
2.2040e-11	1.0350e-19	-7.5334e-22	1.0275e-19
2.2060e-11	1.0350e-19	-8.0060e-22	1.0270e-19
2.2080e-11	1.0350e-19	-8.5270e-22	1.0265e-19
2.2100e-11	1.0350e-19	-9.1024e-22	1.0259e-19
2.2120e-11	1.0350e-19	-9.7391e-22	1.0253e-19
2.2140e-11	1.0350e-19	-1.0445e-21	1.0246e-19
2.2160e-11	1.0350e-19	-1.1229e-21	1.0238e-19
2.2180e-11	1.0350e-19	-1.2101e-21	1.0229e-19
2.2200e-11	1.0350e-19	-1.3072e-21	1.0219e-19
2.2220e-11	1.0350e-19	-1.4154e-21	1.0208e-19
2.2240e-11	1.0350e-19	-1.5361e-21	1.0196e-19
2.2260e-11	1.0350e-19	-1.6706e-21	1.0183e-19
2.2280e-11	1.0350e-19	-1.8199e-21	1.0168e-19
2.2300e-11	1.0350e-19	-1.9848e-21	1.0152e-19
2.2320e-11	1.0350e-19	-2.1650e-21	1.0133e-19
2.2340e-11	1.0350e-19	-2.3583e-21	1.0114e-19
2.2360e-11	1.0350e-19	-2.5588e-21	1.0094e-19
2.2380e-11	1.0350e-19	-2.7536e-21	1.0075e-19
2.2400e-11	1.0350e-19	-2.9181e-21	1.0058e-19
2.2420e-11	1.0350e-19	-3.0071e-21	1.0049e-19
2.2440e-11	1.0350e-19	-2.9441e-21	1.0056e-19
2.2460e-11	1.0350e-19	-2.6151e-21	1.0088e-19
2.2480e-11	1.0350e-19	-1.8912e-21	1.0161e-19
2.2500e-11	1.0350e-19	-7.3649e-22	1.0276e-19
2.2520e-11	1.0350e-19	5.6897e-22	1.0407e-19
2.2540e-11	1.0350e-19	1.3339e-21	1.0483e-19
2.2560e-11	1.0350e-19	9.7859e-22	1.0448e-19
2.2580e-11	1.0350e-19	-2.4378e-22	1.0326e-19
2.2600e-11	1.0350e-19	-1.5482e-21	1.0195e-19
2.2620e-11	1.0350e-19	-2.4141e-21	1.0109e-19
2.2640e-11	1.0350e-19	-2.7503e-21	1.0075e-19
2.2660e-11	1.0350e-19	-2.6753e-21	1.0082e-19
2.2680e-11	1.0350e-19	-2.3627e-21	1.0114e-19
2.2700e-11	1.0350e-19	-1.9925e-21	1.0151e-19
2.2720e-11	1.0350e-19	-1.7238e-21	1.0178e-19
2.2740e-11	1.0350e-19	-1.6504e-21	1.0185e-19
2.2760e-11	1.0350e-19	-1.7693e-21	1.0173e-19
2.2780e-11	1.0350e-19	-2.0010e-21	1.0150e-19
2.2800e-11	1.0350e-19	-2.2482e-21	1.0125e-19
2.2820e-11	1.0350e-19	-2.4426e-21	1.0106e-19
2.2840e-11	1.0350e-19	-2.5570e-21	1.0094e-19
2.2860e-11	1.0350e-19	-2.5935e-21	1.0091e-19
2.2880e-11	1.0350e-19	-2.5679e-21	1.0093e-19
2.2900e-11	1.0350e-19	-2.4988e-21	1.0100e-19
2.2920e-11	1.0350e-19	-2.4027e-21	1.0110e-19
2.2940e-11	1.0350e-19	-2.2921e-21	1.0121e-19
2.2960e-11	1.0350e-19	-2.1758e-21	1.0132e-19
2.2980e-11	1.0350e-19	-2.0597e-21	1.0144e-19
2.3000e-11	1.0350e-19	-1.9475e-21	1.0155e-19
2.3020e-11	1.0350e-19	-1.8413e-21	1.0166e-19
2.3040e-11	1.0350e-19	-1.7422e-21	1.0176e-19
2.3060e-11	1.0350e-19	-1.6508e-21	1.0185e-19
2.3080e-11	1.0350e-19	-1.5670e-21	1.0193e-19
2.3100e-11	1.0350e-19	-1.4908e-21	1.0201e-19
2.3120e-11	1.0350e-19	-1.4217e-21	1.0208e-19
2.3140e-11	1.0350e-19	-1.3593e-21	1.0214e-19
2.3160e-11	1.0350e-19	-1.3033e-21	1.0220e-19
2.3180e-11	1.0350e-19	-1.2531e-21	1.0225e-19
2.3200e-11	1.0350e-19	-1.2084e-21	1.0229e-19
2.3220e-11	1.0350e-19	-1.1688e-21	1.0233e-19
2.3240e-11	1.0350e-19	-1.1339e-21	1.0237e-19
2.3260e-11	1.0350e-19	-1.1033e-21	1.0240e-19
2.3280e-11	1.0350e-19	-1.0769e-21	1.0242e-19
2.3300e-11	1.0350e-19	-1.0544e-21	1.0245e-19
2.3320e-11	1.0350e-19	-1.0354e-21	1.0246e-19
2.3340e-11	1.0350e-19	-1.0199e-21	1.0248e-19
2.3360e-11	1.0350e-19	-1.0077e-21	1.0249e-19
2.3380e-11	1.0350e-19	-9.9859e-22	1.0250e-19
2.3400e-11	1.0350e-19	-9.9248e-22	1.0251e-19
2.3420e-11	1.0350e-19	-9.8927e-22	1.0251e-19
2.3440e-11	1.0350e-19	-9.8891e-22	1.0251e-19
2.3460e-11	1.0350e-19	-9.9133e-22	1.0251e-19
2.3480e-11	1.0350e-19	-9.9650e-22	1.0250e-19
2.3500e-11	1.0350e-19	-1.0044e-21	1.0250e-19
2.3520e-11	1.0350e-19	-1.0151e-21	1.0248e-19
2.3540e-11	1.0350e-19	-1.0285e-21	1.0247e-19
2.3560e-11	1.0350e-19	-1.0448e-21	1.0246e-19
2.3580e-11	1.0350e-19	-1.0640e-21	1.0244e-19
2.3600e-11	1.0350e-19	-1.0861e-21	1.0241e-19
2.3620e-11	1.0350e-19	-1.1113e-21	1.0239e-19
2.3640e-11	1.0350e-19	-1.1398e-21	1.0236e-19
2.3660e-11	1.0350e-19	-1.1717e-21	1.0233e-19
2.3680e-11	1.0350e-19	-1.2071e-21	1.0229e-19
2.3700e-11	1.0350e-19	-1.2463e-21	1.0225e-19
2.3720e-11	1.0350e-19	-1.2896e-21	1.0221e-19
2.3740e-11	1.0350e-19	-1.3372e-21	1.0216e-19
2.3760e-11	1.0350e-19	-1.3894e-21	1.0211e-19
2.3780e-11	1.0350e-19	-1.4467e-21	1.0205e-19
2.3800e-11	1.0350e-19	-1.5093e-21	1.0199e-19
2.3820e-11	1.0350e-19	-1.5777e-21	1.0192e-19
2.3840e-11	1.0350e-19	-1.6524e-21	1.0185e-19
2.3860e-11	1.0350e-19	-1.7338e-21	1.0177e-19
2.3880e-11	1.0350e-19	-1.8224e-21	1.0168e-19
2.3900e-11	1.0350e-19	-1.9185e-21	1.0158e-19
2.3920e-11	1.0350e-19	-2.0223e-21	1.0148e-19
2.3940e-11	1.0350e-19	-2.1337e-21	1.0137e-19
2.3960e-11	1.0350e-19	-2.2523e-21	1.0125e-19
2.3980e-11	1.0350e-19	-2.3766e-21	1.0112e-19
2.4000e-11	1.0350e-19	-2.5038e-21	1.0100e-19
2.4020e-11	1.0350e-19	-2.6290e-21	1.0087e-19
2.4040e-11	1.0350e-19	-2.7437e-21	1.0076e-19
2.4060e-11	1.0350e-19	-2.8344e-21	1.0067e-19
2.4080e-11	1.0350e-19	-2.8803e-21	1.0062e-19
2.4100e-11	1.0350e-19	-2.8518e-21	1.0065e-19
2.4120e-11	1.0350e-19	-2.7113e-21	1.0079e-19
2.4140e-11	1.0350e-19	-2.4217e-21	1.0108e-19
2.4160e-11	1.0350e-19	-1.9703e-21	1.0153e-19
2.4180e-11	1.0350e-19	-1.4136e-21	1.0209e-19
2.4200e-11	1.0350e-19	-8.9808e-22	1.0260e-19
2.4220e-11	1.0350e-19	-6.4015e-22	1.0286e-19
2.4240e-11	1.0350e-19	-7.8738e-22	1.0271e-19
2.4260e-11	1.0350e-19	-1.2941e-21	1.0221e-19
2.4280e-11	1.0350e-19	-1.9610e-21	1.0154e-19
2.4300e-11	1.0350e-19	-2.5882e-21	1.0091e-19
2.4320e-11	1.0350e-19	-3.0708e-21	1.0043e-19
2.4340e-11	1.0350e-19	-3.3926e-21	1.0011e-19
2.4360e-11	1.0350e-19	-3.5822e-21	9.9918e-20
2.4380e-11	1.0350e-19	-3.6786e-21	9.9821e-20
2.4400e-11	1.0350e-19	-3.7160e-21	9.9784e-20
2.4420e-11	1.0350e-19	-3.7191e-21	9.9781e-20
2.4440e-11	1.0350e-19	-3.7047e-21	9.9795e-20
2.4460e-11	1.0350e-19	-3.6830e-21	9.9817e-20
2.4480e-11	1.0350e-19	-3.6598e-21	9.9840e-20
2.4500e-11	1.0350e-19	-3.6384e-21	9.9862e-20
2.4520e-11	1.0350e-19	-3.6202e-21	9.9880e-20
2.4540e-11	1.0350e-19	-3.6061e-21	9.9894e-20
2.4560e-11	1.0350e-19	-3.5969e-21	9.9903e-20
2.4580e-11	1.0350e-19	-3.5940e-21	9.9906e-20
2.4600e-11	1.0350e-19	-3.6001e-21	9.9900e-20
2.4620e-11	1.0350e-19	-3.6185e-21	9.9882e-20
2.4640e-11	1.0350e-19	-3.6534e-21	9.9847e-20
2.4660e-11	1.0350e-19	-3.7083e-21	9.9792e-20
2.4680e-11	1.0350e-19	-3.7831e-21	9.9717e-20
2.4700e-11	1.0350e-19	-3.8710e-21	9.9629e-20
2.4720e-11	1.0350e-19	-3.9518e-21	9.9548e-20
2.4740e-11	1.0350e-19	-3.9851e-21	9.9515e-20
2.4760e-11	1.0350e-19	-3.8998e-21	9.9600e-20
2.4780e-11	1.0350e-19	-3.5888e-21	9.9911e-20
2.4800e-11	1.0350e-19	-2.9256e-21	1.0057e-19
2.4820e-11	1.0350e-19	-1.8501e-21	1.0165e-19
2.4840e-11	1.0350e-19	-5.5945e-22	1.0294e-19
2.4860e-11	1.0350e-19	3.5911e-22	1.0386e-19
2.4880e-11	1.0350e-19	2.9102e-22	1.0379e-19
2.4900e-11	1.0350e-19	-7.0463e-22	1.0280e-19
2.4920e-11	1.0350e-19	-1.9626e-21	1.0154e-19
2.4940e-11	1.0350e-19	-2.9407e-21	1.0056e-19
2.4960e-11	1.0350e-19	-3.4978e-21	1.0000e-19
2.4980e-11	1.0350e-19	-3.7154e-21	9.9785e-20
2.5000e-11	1.0350e-19	-3.7166e-21	9.9783e-20
2.5020e-11	1.0350e-19	-3.5984e-21	9.9902e-20
2.5040e-11	1.0350e-19	-3.4229e-21	1.0008e-19
2.5060e-11	1.0350e-19	-3.2266e-21	1.0027e-19
2.5080e-11	1.0350e-19	-3.0292e-21	1.0047e-19
2.5100e-11	1.0350e-19	-2.8410e-21	1.0066e-19
2.5120e-11	1.0350e-19	-2.6667e-21	1.0083e-19
2.5140e-11	1.0350e-19	-2.5081e-21	1.0099e-19
2.5160e-11	1.0350e-19	-2.3653e-21	1.0113e-19
2.5180e-11	1.0350e-19	-2.2377e-21	1.0126e-19
2.5200e-11	1.0350e-19	-2.1243e-21	1.0138e-19
2.5220e-11	1.0350e-19	-2.0240e-21	1.0148e-19
2.5240e-11	1.0350e-19	-1.9356e-21	1.0156e-19
2.5260e-11	1.0350e-19	-1.8582e-21	1.0164e-19
2.5280e-11	1.0350e-19	-1.7909e-21	1.0171e-19
2.5300e-11	1.0350e-19	-1.7327e-21	1.0177e-19
2.5320e-11	1.0350e-19	-1.6831e-21	1.0182e-19
2.5340e-11	1.0350e-19	-1.6415e-21	1.0186e-19
2.5360e-11	1.0350e-19	-1.6073e-21	1.0189e-19
2.5380e-11	1.0350e-19	-1.5802e-21	1.0192e-19
2.5400e-11	1.0350e-19	-1.5599e-21	1.0194e-19
2.5420e-11	1.0350e-19	-1.5460e-21	1.0195e-19
2.5440e-11	1.0350e-19	-1.5383e-21	1.0196e-19
2.5460e-11	1.0350e-19	-1.5366e-21	1.0196e-19
2.5480e-11	1.0350e-19	-1.5409e-21	1.0196e-19
2.5500e-11	1.0350e-19	-1.5509e-21	1.0195e-19
2.5520e-11	1.0350e-19	-1.5665e-21	1.0193e-19
2.5540e-11	1.0350e-19	-1.5876e-21	1.0191e-19
2.5560e-11	1.0350e-19	-1.6139e-21	1.0189e-19
2.5580e-11	1.0350e-19	-1.6454e-21	1.0185e-19
2.5600e-11	1.0350e-19	-1.6816e-21	1.0182e-19
2.5620e-11	1.0350e-19	-1.7223e-21	1.0178e-19
2.5640e-11	1.0350e-19	-1.7668e-21	1.0173e-19
2.5660e-11	1.0350e-19	-1.8145e-21	1.0169e-19
2.5680e-11	1.0350e-19	-1.8644e-21	1.0164e-19
2.5700e-11	1.0350e-19	-1.9156e-21	1.0158e-19
2.5720e-11	1.0350e-19	-1.9664e-21	1.0153e-19
2.5740e-11	1.0350e-19	-2.0150e-21	1.0148e-19
2.5760e-11	1.0350e-19	-2.0595e-21	1.0144e-19
2.5780e-11	1.0350e-19	-2.0972e-21	1.0140e-19
2.5800e-11	1.0350e-19	-2.1257e-21	1.0137e-19
2.5820e-11	1.0350e-19	-2.1422e-21	1.0136e-19
2.5840e-11	1.0350e-19	-2.1447e-21	1.0136e-19
2.5860e-11	1.0350e-19	-2.1319e-21	1.0137e-19
2.5880e-11	1.0350e-19	-2.1042e-21	1.0140e-19
